0,1,13
3,6,14
0,4,38
4,5,19
0,7,32
4,6,22
1,2,11
4,7,9
1,3,15
5,2,2
1,7,4
5,6,4
2,3,32
7,5,24
2,6,13
7,2,1
2,8,14
6,9,30
10,11,28
13,16,18
10,14,28
14,15,19
10,17,30
14,16,29
11,12,8
14,17,14
11,13,3
15,12,4
11,17,15
15,16,35
12,13,27
17,15,4
12,16,35
17,12,11
12,18,10
16,19,32
0,13,31
4,15,38
4,17,7
1,12,19
2,14,18
1,12,15
5,16,30
5,16,5
0,19,22
3,13,36
3,17,18
0,13,36
2,19,34
1,15,3
0,19,25
4,15,11
4,11,5
6,16,31
1,14,27
0,12,37
0,16,29
0,12,20
7,15,3
5,13,10
1,14,15
7,12,30
2,13,29
1,12,9
4,16,13
4,17,10
20,21,30
23,26,3
20,24,31
24,25,12
20,27,11
24,26,15
21,22,37
24,27,37
21,23,5
25,22,12
21,27,17
25,26,39
22,23,23
27,25,2
22,26,15
27,22,30
22,28,15
26,29,7
16,26,27
14,25,37
14,23,20
14,27,8
12,29,35
15,21,34
15,26,38
12,27,17
11,26,27
17,28,12
12,22,24
13,25,30
15,26,17
15,26,12
11,21,33
12,26,22
15,23,11
17,27,39
14,24,16
17,27,18
14,23,7
17,26,11
13,26,38
12,24,36
12,29,20
15,26,29
10,27,20
10,29,35
16,27,9
13,23,34
30,31,12
33,36,20
30,34,15
34,35,13
30,37,24
34,36,3
31,32,20
34,37,21
31,33,1
35,32,34
31,37,18
35,36,6
32,33,23
37,35,15
32,36,12
37,32,23
32,38,26
36,39,29
22,36,6
20,31,10
27,33,9
26,36,30
25,36,34
22,37,27
25,39,40
27,36,29
24,34,20
22,37,10
22,37,24
20,36,16
27,37,16
21,32,1
23,36,22
24,39,33
23,38,38
21,32,12
20,35,1
26,37,32
22,34,29
23,33,12
22,35,11
22,32,33
20,36,2
27,36,15
26,38,20
22,34,39
23,37,17
24,37,21
40,41,20
43,46,30
40,44,10
44,45,13
40,47,13
44,46,12
41,42,33
44,47,29
41,43,22
45,42,1
41,47,8
45,46,19
42,43,14
47,45,40
42,46,3
47,42,8
42,48,38
46,49,40
34,45,40
35,43,8
34,45,2
35,44,38
37,42,35
32,47,32
30,47,9
32,47,3
32,47,33
31,42,33
32,43,21
30,46,10
35,43,1
34,46,17
30,45,19
34,49,36
32,43,9
34,42,17
32,42,1
35,46,10
32,44,11
34,49,12
32,43,21
32,47,30
36,42,30
31,45,25
31,46,30
35,42,15
37,45,28
31,41,33
50,51,1
53,56,4
50,54,22
54,55,17
50,57,20
54,56,21
51,52,25
54,57,33
51,53,28
55,52,31
51,57,5
55,56,12
52,53,1
57,55,16
52,56,40
57,52,22
52,58,35
56,59,20
41,53,7
42,57,11
44,58,12
44,51,32
40,53,40
44,56,15
44,57,2
43,56,24
45,54,4
42,56,35
40,59,16
44,59,37
41,53,7
47,52,21
43,56,28
42,52,19
45,53,24
44,53,9
40,57,35
40,53,10
47,54,16
47,53,20
43,57,10
46,53,18
47,52,14
47,53,39
41,56,24
45,51,18
46,56,1
44,52,13
60,61,18
63,66,22
60,64,14
64,65,35
60,67,28
64,66,24
61,62,26
64,67,4
61,63,16
65,62,35
61,67,33
65,66,34
62,63,17
67,65,3
62,66,12
67,62,2
62,68,28
66,69,17
57,67,10
52,65,6
50,66,14
54,66,35
55,68,17
56,62,24
57,68,31
52,66,7
51,62,38
54,62,9
51,65,30
50,62,4
51,66,22
55,68,33
52,65,28
57,65,8
54,67,7
51,61,37
52,69,6
57,67,10
52,68,24
54,63,4
54,69,24
57,66,19
50,62,26
57,66,25
55,63,21
56,62,30
56,61,6
50,65,24
70,71,8
73,76,26
70,74,15
74,75,22
70,77,2
74,76,39
71,72,37
74,77,37
71,73,13
75,72,21
71,77,19
75,76,3
72,73,29
77,75,18
72,76,30
77,72,2
72,78,15
76,79,12
60,72,1
66,76,32
64,76,9
65,71,8
61,78,7
61,75,30
62,72,2
67,77,20
64,75,32
61,78,34
62,76,26
61,78,28
65,76,22
67,72,21
60,75,24
60,72,5
60,79,19
60,77,39
61,77,27
63,72,40
67,76,17
67,75,1
62,72,28
62,76,14
67,77,18
60,75,24
64,78,39
63,72,14
66,76,38
64,76,39
80,81,36
83,86,34
80,84,3
84,85,39
80,87,34
84,86,23
81,82,40
84,87,1
81,83,1
85,82,34
81,87,19
85,86,15
82,83,39
87,85,29
82,86,7
87,82,25
82,88,1
86,89,18
75,87,29
71,86,35
71,87,1
77,82,32
72,86,34
71,87,3
72,85,21
71,85,36
74,85,34
71,81,33
72,85,34
71,87,17
72,86,28
73,87,29
76,82,21
70,86,37
77,83,5
74,89,33
73,83,3
72,81,19
72,86,26
72,82,17
76,82,27
70,86,38
71,86,1
72,82,36
70,82,35
75,81,31
72,85,26
72,86,14
90,91,27
93,96,24
90,94,3
94,95,16
90,97,14
94,96,27
91,92,19
94,97,35
91,93,34
95,92,32
91,97,2
95,96,16
92,93,27
97,95,37
92,96,19
97,92,28
92,98,7
96,99,3
84,99,32
84,97,8
80,95,10
81,93,19
80,96,6
87,97,27
84,92,17
80,99,4
84,94,11
80,96,5
84,98,2
80,93,3
82,93,36
81,95,31
80,96,37
82,97,29
81,92,29
80,91,13
87,92,8
80,97,26
81,96,22
84,93,29
82,94,39
81,92,26
82,94,8
82,99,2
84,96,4
87,92,5
84,93,29
87,92,10
100,101,16
103,106,6
100,104,34
104,105,17
100,107,8
104,106,28
101,102,28
104,107,11
101,103,28
105,102,33
101,107,34
105,106,38
102,103,11
107,105,31
102,106,13
107,102,4
102,108,2
106,109,37
110,111,3
113,116,38
110,114,34
114,115,10
110,117,28
114,116,11
111,112,6
114,117,29
111,113,3
115,112,35
111,117,18
115,116,16
112,113,4
117,115,13
112,116,17
117,112,30
112,118,22
116,119,14
100,113,40
104,115,17
104,117,30
101,112,34
102,114,28
101,112,14
105,116,26
105,116,40
100,119,6
103,113,33
103,117,13
100,113,28
102,119,40
101,115,3
100,119,27
104,115,2
104,111,26
106,116,23
101,114,17
100,112,7
100,116,6
100,112,10
107,115,27
105,113,3
101,114,28
107,112,40
102,113,29
101,112,36
104,116,34
104,117,12
120,121,19
123,126,17
120,124,38
124,125,25
120,127,26
124,126,9
121,122,12
124,127,11
121,123,36
125,122,20
121,127,32
125,126,1
122,123,9
127,125,12
122,126,40
127,122,24
122,128,12
126,129,25
116,126,7
114,125,16
114,123,17
114,127,4
112,129,13
115,121,6
115,126,37
112,127,20
111,126,17
117,128,38
112,122,6
113,125,28
115,126,28
115,126,26
111,121,13
112,126,22
115,123,9
117,127,6
114,124,16
117,127,9
114,123,17
117,126,2
113,126,21
112,124,12
112,129,7
115,126,19
110,127,21
110,129,9
116,127,28
113,123,10
130,131,12
133,136,8
130,134,36
134,135,24
130,137,22
134,136,8
131,132,19
134,137,36
131,133,36
135,132,22
131,137,15
135,136,26
132,133,4
137,135,26
132,136,8
137,132,40
132,138,18
136,139,32
122,136,18
120,131,12
127,133,15
126,136,25
125,136,27
122,137,16
125,139,14
127,136,30
124,134,29
122,137,13
122,137,19
120,136,10
127,137,18
121,132,7
123,136,31
124,139,40
123,138,11
121,132,38
120,135,10
126,137,4
122,134,3
123,133,20
122,135,19
122,132,30
120,136,10
127,136,32
126,138,8
122,134,28
123,137,12
124,137,37
140,141,10
143,146,25
140,144,40
144,145,36
140,147,5
144,146,11
141,142,36
144,147,2
141,143,33
145,142,28
141,147,37
145,146,35
142,143,23
147,145,31
142,146,17
147,142,22
142,148,30
146,149,22
134,145,7
135,143,20
134,145,6
135,144,38
137,142,34
132,147,26
130,147,38
132,147,7
132,147,11
131,142,26
132,143,22
130,146,11
135,143,14
134,146,36
130,145,31
134,149,15
132,143,20
134,142,4
132,142,26
135,146,6
132,144,36
134,149,18
132,143,20
132,147,13
136,142,25
131,145,14
131,146,4
135,142,32
137,145,12
131,141,39
150,151,16
153,156,5
150,154,29
154,155,40
150,157,15
154,156,35
151,152,23
154,157,9
151,153,5
155,152,34
151,157,9
155,156,3
152,153,5
157,155,33
152,156,40
157,152,20
152,158,17
156,159,13
141,153,24
142,157,1
144,158,28
144,151,28
140,153,11
144,156,39
144,157,12
143,156,17
145,154,33
142,156,30
140,159,37
144,159,9
141,153,35
147,152,39
143,156,14
142,152,15
145,153,16
144,153,3
140,157,5
140,153,30
147,154,6
147,153,39
143,157,33
146,153,38
147,152,19
147,153,17
141,156,27
145,151,23
146,156,13
144,152,15
160,161,29
163,166,13
160,164,39
164,165,21
160,167,17
164,166,25
161,162,27
164,167,21
161,163,23
165,162,15
161,167,15
165,166,39
162,163,19
167,165,20
162,166,31
167,162,14
162,168,6
166,169,13
157,167,40
152,165,20
150,166,8
154,166,30
155,168,13
156,162,16
157,168,30
152,166,11
151,162,39
154,162,12
151,165,37
150,162,38
151,166,5
155,168,10
152,165,40
157,165,14
154,167,7
151,161,19
152,169,36
157,167,4
152,168,40
154,163,1
154,169,16
157,166,8
150,162,3
157,166,19
155,163,33
156,162,24
156,161,26
150,165,26
170,171,25
173,176,11
170,174,6
174,175,25
170,177,6
174,176,37
171,172,7
174,177,36
171,173,40
175,172,38
171,177,15
175,176,2
172,173,31
177,175,4
172,176,31
177,172,2
172,178,11
176,179,27
160,172,19
166,176,2
164,176,13
165,171,26
161,178,11
161,175,33
162,172,12
167,177,30
164,175,26
161,178,20
162,176,30
161,178,30
165,176,21
167,172,30
160,175,28
160,172,3
160,179,3
160,177,20
161,177,2
163,172,12
167,176,1
167,175,11
162,172,17
162,176,24
167,177,23
160,175,25
164,178,37
163,172,26
166,176,17
164,176,8
180,181,1
183,186,4
180,184,31
184,185,13
180,187,40
184,186,19
181,182,6
184,187,16
181,183,22
185,182,4
181,187,31
185,186,13
182,183,20
187,185,38
182,186,31
187,182,33
182,188,13
186,189,36
175,187,34
171,186,4
171,187,24
177,182,22
172,186,3
171,187,38
172,185,18
171,185,39
174,185,40
171,181,18
172,185,10
171,187,39
172,186,19
173,187,29
176,182,28
170,186,33
177,183,27
174,189,13
173,183,36
172,181,17
172,186,10
172,182,21
176,182,13
170,186,31
171,186,3
172,182,26
170,182,15
175,181,8
172,185,31
172,186,8
190,191,5
193,196,11
190,194,20
194,195,15
190,197,28
194,196,28
191,192,6
194,197,3
191,193,17
195,192,19
191,197,15
195,196,14
192,193,21
197,195,35
192,196,30
197,192,37
192,198,5
196,199,8
184,199,16
184,197,35
180,195,23
181,193,21
180,196,32
187,197,29
184,192,31
180,199,18
184,194,38
180,196,31
184,198,23
180,193,37
182,193,34
181,195,9
180,196,40
182,197,7
181,192,20
180,191,17
187,192,8
180,197,22
181,196,34
184,193,10
182,194,14
181,192,25
182,194,11
182,199,38
184,196,27
187,192,31
184,193,25
187,192,33
81,147,13
60,163,4
76,113,2
67,175,29
97,165,9
85,145,3
72,117,36
21,132,35
12,132,18
27,143,36
24,137,11
14,111,30
4,119,26
71,163,14
60,145,36
16,165,36
1,189,27
87,156,35
3,187,36
51,117,7
76,127,12
91,117,25
42,141,16
71,125,11
16,145,2
62,168,18
0,171,35
72,123,30
34,167,29
81,113,14
87,145,33
22,192,29
60,187,23
66,137,17
50,122,27
22,128,11
55,137,40
67,132,24
85,175,17
22,126,40
76,107,9
32,146,28
84,187,25
84,178,15
22,136,16
52,116,8
34,165,29
36,187,2
1,185,15
40,189,13
32,163,26
94,189,2
44,137,21
52,123,23
0,192,8
61,119,5
62,136,7
74,117,36
31,166,39
44,173,24
31,195,3
24,186,25
82,133,22
87,135,6
72,186,22
84,198,34
40,112,37
44,156,7
51,167,5
83,112,31
47,144,9
60,182,38
2,146,25
3,137,33
44,197,21
72,177,39
60,191,6
15,111,25
24,136,30
24,142,36
21,183,19
25,189,2
42,177,17
87,196,6
82,179,37
56,185,36
17,107,18
32,144,9
60,143,21
35,127,36
72,198,36
47,144,37
50,156,32
72,192,21
24,168,36
84,198,21
84,194,12
60,174,8
82,198,35
74,157,31
44,194,38
21,152,11
56,162,16
80,112,15
71,176,14
71,128,20
36,113,29
72,156,12
90,129,15
30,121,23
94,176,39
90,115,7
47,117,27
7,177,13
66,152,30
2,144,25
57,137,34
40,198,39
92,132,22
87,166,17
80,151,8
85,116,7
21,181,5
35,183,38
47,165,20
14,146,23
81,176,11
52,166,38
51,151,24
50,115,32
64,176,21
52,187,4
71,144,23
7,176,6
15,116,35
55,128,13
82,196,2
95,185,29
84,192,2
13,111,11
5,187,3
22,152,32
47,124,16
50,176,7
62,156,28
67,192,31
67,192,4
7,136,12
17,196,11
34,168,15
41,195,29
54,176,38
91,139,19
2,137,3
22,156,39
67,157,4
30,137,9
46,187,26
1,135,11
56,116,5
51,174,40
93,132,4
52,126,3
1,132,9
15,196,14
71,192,10
25,111,14
12,176,10
84,163,25
32,147,33
63,176,32
17,124,11
15,176,6
61,199,23
26,153,16
41,115,11
15,193,22
74,129,5
25,103,32
80,116,16
50,153,27
23,126,9
11,163,37
14,165,5
12,153,21
41,175,33
24,149,36
54,115,12
82,147,18
0,119,39
10,149,15
52,167,10
46,127,31
81,154,34
65,115,19
87,133,11
74,182,7
24,115,17
0,152,26
12,168,5
72,162,16
57,196,11
56,133,27
30,192,38
34,174,29
37,111,15
76,175,16
26,115,26
64,166,2
80,122,16
63,113,1
82,156,16
4,111,7
0,142,34
12,166,10
81,142,1
14,156,4
17,157,17
54,127,5
46,127,24
27,185,34
87,172,18
15,146,37
64,145,26
52,132,40
67,153,18
56,167,16
47,173,25
44,186,36
44,193,21
72,166,3
30,191,6
23,196,35
80,123,17
41,112,3
77,171,15
32,125,32
22,117,18
17,192,37
56,157,35
91,183,9
35,188,10
51,139,35
70,135,18
95,187,38
46,189,19
77,199,8
72,138,6
44,182,35
75,145,35
14,196,15
21,172,17
55,166,18
32,177,8
71,144,30
84,145,38
47,165,26
23,136,2
52,177,35
50,163,28
26,117,20
0,114,32
32,186,21
1,142,20
10,112,19
55,145,29
35,172,1
36,173,13
47,162,9
80,165,25
84,192,26
15,137,7
82,152,11
5,116,30
65,114,39
62,177,21
12,177,35
71,106,30
47,156,15
67,197,25
51,126,14
57,176,40
2,137,36
15,194,19
50,162,8
84,139,13
63,193,20
31,196,36
30,136,40
71,195,39
54,172,31
12,176,36
80,177,16
82,102,11
2,196,19
21,168,37
43,136,14
84,182,6
52,177,29
47,178,19
200,201,10
203,206,36
200,204,19
204,205,8
200,207,28
204,206,30
201,202,6
204,207,21
201,203,10
205,202,31
201,207,30
205,206,38
202,203,2
207,205,10
202,206,19
207,202,15
202,208,34
206,209,10
210,211,18
213,216,35
210,214,20
214,215,19
210,217,7
214,216,4
211,212,2
214,217,30
211,213,21
215,212,14
211,217,36
215,216,37
212,213,39
217,215,6
212,216,39
217,212,27
212,218,19
216,219,23
200,213,13
204,215,38
204,217,40
201,212,26
202,214,19
201,212,21
205,216,20
205,216,39
200,219,8
203,213,31
203,217,13
200,213,9
202,219,18
201,215,14
200,219,20
204,215,25
204,211,27
206,216,40
201,214,27
200,212,20
200,216,14
200,212,2
207,215,36
205,213,36
201,214,11
207,212,33
202,213,14
201,212,15
204,216,32
204,217,12
220,221,30
223,226,27
220,224,38
224,225,4
220,227,3
224,226,36
221,222,5
224,227,33
221,223,15
225,222,23
221,227,2
225,226,19
222,223,13
227,225,1
222,226,4
227,222,39
222,228,6
226,229,31
216,226,8
214,225,3
214,223,31
214,227,28
212,229,38
215,221,34
215,226,25
212,227,24
211,226,35
217,228,14
212,222,33
213,225,6
215,226,19
215,226,37
211,221,30
212,226,19
215,223,19
217,227,3
214,224,10
217,227,7
214,223,40
217,226,18
213,226,14
212,224,17
212,229,29
215,226,11
210,227,10
210,229,35
216,227,3
213,223,6
230,231,8
233,236,2
230,234,37
234,235,20
230,237,8
234,236,28
231,232,20
234,237,5
231,233,30
235,232,23
231,237,13
235,236,13
232,233,4
237,235,32
232,236,15
237,232,17
232,238,35
236,239,12
222,236,38
220,231,14
227,233,34
226,236,31
225,236,14
222,237,23
225,239,18
227,236,40
224,234,1
222,237,22
222,237,28
220,236,20
227,237,20
221,232,16
223,236,21
224,239,30
223,238,11
221,232,13
220,235,35
226,237,23
222,234,36
223,233,2
222,235,3
222,232,30
220,236,34
227,236,19
226,238,35
222,234,38
223,237,21
224,237,16
240,241,3
243,246,40
240,244,26
244,245,36
240,247,23
244,246,13
241,242,6
244,247,34
241,243,37
245,242,6
241,247,19
245,246,35
242,243,36
247,245,7
242,246,19
247,242,5
242,248,34
246,249,31
234,245,38
235,243,2
234,245,25
235,244,39
237,242,15
232,247,26
230,247,2
232,247,15
232,247,20
231,242,14
232,243,8
230,246,29
235,243,6
234,246,1
230,245,13
234,249,15
232,243,6
234,242,24
232,242,1
235,246,18
232,244,13
234,249,23
232,243,12
232,247,19
236,242,3
231,245,4
231,246,27
235,242,31
237,245,33
231,241,20
250,251,3
253,256,11
250,254,25
254,255,16
250,257,8
254,256,13
251,252,3
254,257,10
251,253,31
255,252,10
251,257,24
255,256,20
252,253,27
257,255,2
252,256,27
257,252,12
252,258,9
256,259,36
241,253,17
242,257,40
244,258,20
244,251,39
240,253,34
244,256,38
244,257,38
243,256,19
245,254,3
242,256,37
240,259,26
244,259,21
241,253,13
247,252,8
243,256,34
242,252,5
245,253,4
244,253,25
240,257,16
240,253,5
247,254,20
247,253,3
243,257,40
246,253,31
247,252,26
247,253,1
241,256,19
245,251,10
246,256,16
244,252,6
260,261,14
263,266,21
260,264,16
264,265,33
260,267,35
264,266,10
261,262,33
264,267,35
261,263,35
265,262,2
261,267,15
265,266,25
262,263,38
267,265,6
262,266,11
267,262,5
262,268,37
266,269,12
257,267,14
252,265,25
250,266,2
254,266,6
255,268,37
256,262,21
257,268,28
252,266,25
251,262,37
254,262,40
251,265,5
250,262,18
251,266,35
255,268,21
252,265,33
257,265,29
254,267,12
251,261,26
252,269,24
257,267,11
252,268,39
254,263,13
254,269,27
257,266,26
250,262,27
257,266,38
255,263,29
256,262,40
256,261,20
250,265,15
270,271,36
273,276,19
270,274,16
274,275,39
270,277,5
274,276,19
271,272,13
274,277,36
271,273,11
275,272,3
271,277,30
275,276,21
272,273,14
277,275,29
272,276,12
277,272,9
272,278,12
276,279,19
260,272,19
266,276,12
264,276,20
265,271,12
261,278,16
261,275,18
262,272,29
267,277,26
264,275,18
261,278,39
262,276,23
261,278,9
265,276,4
267,272,29
260,275,31
260,272,37
260,279,31
260,277,27
261,277,13
263,272,8
267,276,18
267,275,23
262,272,8
262,276,9
267,277,29
260,275,14
264,278,16
263,272,2
266,276,4
264,276,1
280,281,39
283,286,4
280,284,29
284,285,29
280,287,5
284,286,15
281,282,17
284,287,4
281,283,38
285,282,40
281,287,38
285,286,37
282,283,18
287,285,8
282,286,4
287,282,27
282,288,32
286,289,1
275,287,19
271,286,38
271,287,17
277,282,32
272,286,13
271,287,39
272,285,11
271,285,23
274,285,27
271,281,10
272,285,31
271,287,35
272,286,21
273,287,36
276,282,11
270,286,5
277,283,22
274,289,17
273,283,3
272,281,40
272,286,25
272,282,29
276,282,18
270,286,12
271,286,33
272,282,1
270,282,10
275,281,22
272,285,31
272,286,13
290,291,12
293,296,33
290,294,4
294,295,28
290,297,7
294,296,15
291,292,33
294,297,25
291,293,5
295,292,8
291,297,30
295,296,31
292,293,12
297,295,32
292,296,16
297,292,9
292,298,26
296,299,17
284,299,23
284,297,37
280,295,3
281,293,33
280,296,20
287,297,36
284,292,29
280,299,25
284,294,21
280,296,23
284,298,22
280,293,14
282,293,3
281,295,31
280,296,13
282,297,11
281,292,7
280,291,21
287,292,38
280,297,3
281,296,21
284,293,25
282,294,16
281,292,39
282,294,20
282,299,1
284,296,6
287,292,14
284,293,40
287,292,25
144,287,11
101,33,39
117,299,4
137,215,37
161,239,17
170,268,38
105,203,25
161,213,32
132,208,32
180,266,6
180,216,17
185,296,5
127,252,6
187,282,33
105,69,29
117,232,4
187,226,14
167,252,17
177,265,16
155,224,19
143,272,12
145,243,25
112,237,37
102,16,30
181,242,11
170,228,5
126,278,20
114,207,21
160,281,2
161,276,40
143,285,27
127,232,29
115,293,13
192,223,15
116,226,33
123,236,7
137,245,26
167,212,14
177,216,2
142,275,19
116,212,38
196,226,34
166,245,25
182,266,19
167,226,35
163,272,12
151,222,2
126,261,3
145,268,26
140,222,13
150,294,21
140,253,19
162,225,16
115,223,18
114,227,8
111,206,10
170,219,35
132,224,13
185,252,2
100,42,37
125,238,25
195,216,37
197,236,33
125,259,7
121,216,3
152,211,3
164,236,36
173,287,3
180,295,30
115,212,28
142,294,6
163,276,29
107,51,23
124,223,17
114,252,15
112,213,29
137,299,6
143,282,15
115,286,7
160,226,19
123,294,15
180,209,34
136,207,30
150,293,10
122,208,10
167,252,13
164,243,23
132,223,18
154,237,17
184,219,8
124,253,9
172,281,19
100,92,16
140,275,7
100,77,20
160,266,2
112,286,6
175,256,37
140,249,21
190,253,2
104,13,22
160,287,11
101,68,8
103,12,37
143,249,33
141,297,19
111,258,33
171,217,18
101,57,35
115,246,2
114,283,38
124,284,33
122,202,14
152,237,15
170,245,15
172,296,8
167,212,18
144,263,28
176,292,23
122,254,10
155,257,19
123,251,35
132,254,16
100,21,36
143,245,20
144,259,16
153,239,2
171,215,29
162,286,4
162,272,15
157,278,32
150,262,1
167,294,23
171,267,10
101,37,35
117,237,38
152,288,35
180,212,1
132,287,22
111,277,35
121,262,20
157,272,18
111,262,30
104,12,2
110,242,9
115,293,31
170,246,26
160,242,22
100,42,7
121,226,22
120,225,9
100,206,228
144,265,19
101,49,1
117,239,26
161,203,25
184,281,4
124,281,31
157,242,37
187,277,20
171,262,25
161,268,18
157,255,27
132,245,29
171,226,40
170,252,7
181,235,8
174,275,14
157,249,17
170,236,24
124,263,39
100,86,25
130,215,35
181,293,36
146,214,34
131,243,6
104,36,34
167,275,26
157,278,39
134,246,38
144,267,38
124,299,12
120,224,39
112,243,2
154,256,5
115,242,34
152,242,34
112,297,4
111,275,31
131,282,18
164,225,24
104,82,25
122,231,13
122,294,11
140,275,10
122,232,33
147,256,6
122,266,21
104,19,3
100,42,8
135,223,16
105,53,28
114,228,4
130,289,18
134,212,26
127,266,12
152,237,5
163,242,40
184,252,38
152,295,36
121,272,13
157,229,3
187,275,10
177,291,12
134,229,5
102,69,16
142,285,40
161,296,29
117,293,23
165,283,17
105,37,40
100,62,15
174,274,2
170,214,1
181,266,31
122,278,18
192,274,3
135,245,29
180,261,13
146,286,39
133,256,15
105,33,37
110,296,1
195,246,34
134,224,19
145,282,31
122,287,2
121,231,14
152,215,25
164,285,30
147,275,33
111,265,16
122,276,5
103,34,31
167,257,23
151,276,22
167,216,34
176,272,16
163,236,24
123,292,28
171,286,34
145,292,22
120,237,29
156,263,7
127,214,31
101,26,7
165,266,5
114,294,21
171,242,6
124,263,16
135,292,14
161,293,22
180,232,1
162,276,11
152,299,13
101,88,1
182,255,20
116,266,38
177,248,8
182,225,18
157,231,5
180,276,23
131,253,21
172,209,24
162,245,25
170,213,36
114,207,6
143,272,39
122,252,12
127,227,3
171,256,20
172,256,9
130,236,32
127,272,9
174,279,10
167,262,15
126,229,32
141,253,16
112,217,31
136,295,10
142,256,40
137,245,26
142,239,3
161,242,23
164,209,10
143,287,25
145,212,26
103,23,38
110,286,3
131,292,26
300,301,8
303,306,18
300,304,25
304,305,20
300,307,10
304,306,6
301,302,18
304,307,22
301,303,10
305,302,14
301,307,28
305,306,3
302,303,28
307,305,37
302,306,32
307,302,34
302,308,32
306,309,37
310,311,31
313,316,29
310,314,3
314,315,33
310,317,19
314,316,31
311,312,15
314,317,20
311,313,8
315,312,4
311,317,28
315,316,22
312,313,10
317,315,30
312,316,7
317,312,40
312,318,30
316,319,23
300,313,22
304,315,16
304,317,40
301,312,4
302,314,38
301,312,37
305,316,9
305,316,11
300,319,1
303,313,39
303,317,1
300,313,40
302,319,1
301,315,9
300,319,10
304,315,39
304,311,21
306,316,8
301,314,32
300,312,32
300,316,10
300,312,24
307,315,27
305,313,29
301,314,22
307,312,19
302,313,26
301,312,26
304,316,15
304,317,21
320,321,30
323,326,18
320,324,28
324,325,19
320,327,2
324,326,18
321,322,23
324,327,19
321,323,2
325,322,39
321,327,6
325,326,24
322,323,27
327,325,40
322,326,9
327,322,6
322,328,18
326,329,17
316,326,28
314,325,17
314,323,32
314,327,3
312,329,27
315,321,14
315,326,30
312,327,18
311,326,26
317,328,6
312,322,2
313,325,2
315,326,32
315,326,2
311,321,34
312,326,26
315,323,22
317,327,11
314,324,32
317,327,20
314,323,11
317,326,32
313,326,30
312,324,20
312,329,38
315,326,33
310,327,28
310,329,37
316,327,15
313,323,10
330,331,22
333,336,12
330,334,39
334,335,27
330,337,10
334,336,40
331,332,24
334,337,14
331,333,36
335,332,38
331,337,29
335,336,4
332,333,26
337,335,9
332,336,19
337,332,39
332,338,4
336,339,33
322,336,3
320,331,20
327,333,14
326,336,23
325,336,13
322,337,31
325,339,15
327,336,37
324,334,3
322,337,7
322,337,25
320,336,35
327,337,23
321,332,40
323,336,35
324,339,5
323,338,37
321,332,1
320,335,23
326,337,17
322,334,29
323,333,26
322,335,23
322,332,23
320,336,17
327,336,3
326,338,29
322,334,12
323,337,34
324,337,35
340,341,10
343,346,32
340,344,20
344,345,13
340,347,24
344,346,2
341,342,11
344,347,20
341,343,17
345,342,23
341,347,40
345,346,1
342,343,7
347,345,20
342,346,4
347,342,33
342,348,27
346,349,35
334,345,30
335,343,1
334,345,3
335,344,39
337,342,35
332,347,24
330,347,29
332,347,15
332,347,13
331,342,7
332,343,18
330,346,2
335,343,32
334,346,32
330,345,3
334,349,12
332,343,40
334,342,39
332,342,34
335,346,6
332,344,15
334,349,11
332,343,39
332,347,14
336,342,29
331,345,13
331,346,18
335,342,40
337,345,23
331,341,11
350,351,14
353,356,37
350,354,32
354,355,37
350,357,30
354,356,16
351,352,17
354,357,33
351,353,28
355,352,32
351,357,14
355,356,7
352,353,7
357,355,15
352,356,16
357,352,14
352,358,29
356,359,11
341,353,32
342,357,39
344,358,33
344,351,13
340,353,27
344,356,8
344,357,33
343,356,23
345,354,3
342,356,14
340,359,35
344,359,17
341,353,22
347,352,13
343,356,16
342,352,4
345,353,24
344,353,24
340,357,28
340,353,9
347,354,37
347,353,4
343,357,29
346,353,38
347,352,11
347,353,37
341,356,15
345,351,25
346,356,29
344,352,14
360,361,4
363,366,25
360,364,29
364,365,29
360,367,31
364,366,4
361,362,23
364,367,4
361,363,36
365,362,22
361,367,17
365,366,23
362,363,5
367,365,11
362,366,12
367,362,33
362,368,34
366,369,27
357,367,38
352,365,4
350,366,8
354,366,14
355,368,5
356,362,6
357,368,2
352,366,34
351,362,40
354,362,24
351,365,39
350,362,21
351,366,8
355,368,24
352,365,9
357,365,13
354,367,11
351,361,23
352,369,21
357,367,11
352,368,7
354,363,12
354,369,1
357,366,21
350,362,13
357,366,14
355,363,25
356,362,7
356,361,28
350,365,1
370,371,12
373,376,22
370,374,1
374,375,18
370,377,37
374,376,7
371,372,4
374,377,25
371,373,36
375,372,34
371,377,40
375,376,11
372,373,14
377,375,32
372,376,1
377,372,40
372,378,39
376,379,19
360,372,24
366,376,7
364,376,15
365,371,6
361,378,18
361,375,34
362,372,3
367,377,36
364,375,40
361,378,40
362,376,9
361,378,29
365,376,28
367,372,20
360,375,28
360,372,24
360,379,33
360,377,34
361,377,8
363,372,3
367,376,36
367,375,14
362,372,8
362,376,6
367,377,9
360,375,37
364,378,40
363,372,28
366,376,19
364,376,31
380,381,34
383,386,26
380,384,1
384,385,30
380,387,14
384,386,13
381,382,2
384,387,6
381,383,24
385,382,17
381,387,19
385,386,4
382,383,29
387,385,12
382,386,34
387,382,4
382,388,32
386,389,40
375,387,40
371,386,24
371,387,27
377,382,1
372,386,24
371,387,26
372,385,17
371,385,4
374,385,5
371,381,6
372,385,8
371,387,38
372,386,36
373,387,36
376,382,6
370,386,40
377,383,6
374,389,16
373,383,39
372,381,33
372,386,26
372,382,25
376,382,34
370,386,4
371,386,15
372,382,10
370,382,13
375,381,27
372,385,14
372,386,13
390,391,39
393,396,7
390,394,39
394,395,24
390,397,36
394,396,5
391,392,16
394,397,36
391,393,31
395,392,26
391,397,8
395,396,4
392,393,10
397,395,7
392,396,7
397,392,10
392,398,29
396,399,16
384,399,10
384,397,8
380,395,15
381,393,10
380,396,34
387,397,12
384,392,5
380,399,37
384,394,8
380,396,29
384,398,5
380,393,7
382,393,35
381,395,28
380,396,6
382,397,9
381,392,8
380,391,24
387,392,20
380,397,39
381,396,8
384,393,5
382,394,10
381,392,29
382,394,16
382,399,40
384,396,31
387,392,40
384,393,3
387,392,2
272,346,19
230,325,37
295,377,33
244,372,40
271,395,28
200,37,9
245,312,23
222,372,25
240,342,30
264,388,40
282,373,2
200,94,27
261,312,15
283,349,8
260,353,31
220,392,2
271,312,1
204,93,26
224,307,25
227,342,4
273,386,23
264,334,35
275,312,9
234,383,40
257,369,3
254,324,8
247,317,28
271,316,36
270,342,17
230,376,22
247,312,12
282,365,9
201,72,31
260,315,29
220,397,39
223,346,3
242,392,7
250,307,17
264,397,7
221,337,2
201,62,6
287,321,6
213,397,4
267,385,32
252,337,32
237,323,5
253,351,2
215,372,2
220,377,13
236,316,26
201,96,33
291,375,28
235,311,7
234,393,21
274,385,7
244,363,20
287,334,22
285,317,8
247,337,25
227,365,24
287,363,24
222,386,11
294,314,4
272,336,36
273,303,5
257,382,17
210,326,21
220,352,15
200,72,35
261,343,36
284,396,26
250,385,31
231,327,7
254,396,12
225,307,21
227,375,38
200,16,8
281,338,15
237,395,19
235,342,32
282,379,34
260,322,18
270,313,35
254,346,15
275,353,11
234,321,29
211,398,9
284,392,12
261,385,24
254,332,25
241,329,10
220,391,15
265,368,1
282,335,33
261,352,39
212,337,1
217,355,7
254,343,22
250,329,3
224,398,22
267,379,24
244,312,1
245,372,5
284,342,3
261,342,26
222,392,36
216,322,16
237,375,5
247,366,39
220,376,2
222,313,32
205,73,37
274,302,13
281,367,24
252,314,35
214,326,9
252,343,38
231,327,36
240,361,3
270,373,2
204,77,34
280,365,27
262,393,9
260,315,22
270,386,32
246,379,1
284,321,36
294,353,2
213,303,19
252,353,10
234,326,27
245,345,24
222,365,10
271,326,17
230,362,1
287,341,33
262,387,11
287,357,36
280,397,23
207,87,30
202,13,39
221,337,22
267,357,24
247,331,38
212,319,21
263,376,11
272,359,22
252,321,31
231,366,39
231,336,29
273,314,7
241,336,15
215,307,25
247,361,10
250,302,15
204,85,3
275,332,35
244,377,2
241,389,30
271,314,22
251,315,11
204,42,39
214,366,21
270,369,30
260,343,31
214,376,21
254,342,35
205,25,13
234,313,8
284,352,26
277,352,8
272,328,15
251,367,7
291,302,8
266,382,16
202,42,10
256,353,30
252,391,8
251,391,11
272,386,28
250,336,16
200,61,6
292,387,33
274,392,30
275,385,35
240,393,34
282,387,40
215,352,13
270,355,13
250,333,9
281,312,21
264,331,26
260,346,38
206,46,18
236,342,22
286,336,33
213,316,17
282,365,12
297,365,13
217,353,37
261,302,14
244,315,36
284,332,12
244,312,25
222,396,8
247,337,28
285,354,33
257,326,15
244,397,37
242,315,31
204,93,10
202,59,8
252,387,35
244,347,1
223,382,23
206,46,30
205,302,317
200,73,16
225,391,3
247,379,25
282,332,12
267,362,26
246,337,36
271,334,29
250,374,29
204,23,30
254,337,24
284,393,14
227,381,30
254,375,33
204,77,23
201,62,34
236,312,13
272,385,39
236,386,8
234,345,10
272,381,20
247,321,40
221,334,14
272,336,17
247,313,1
254,377,21
254,378,1
246,399,36
265,357,5
230,356,24
284,389,33
272,312,17
266,378,1
212,317,15
267,378,3
200,26,30
284,342,33
250,308,34
217,325,13
227,376,6
240,372,3
271,346,13
207,57,32
230,386,19
244,333,36
271,366,8
262,339,34
213,399,3
264,376,10
220,339,34
264,322,7
215,368,33
211,372,26
262,375,13
262,336,2
265,392,3
204,55,12
227,344,5
201,16,11
282,355,2
217,395,28
265,334,23
287,353,26
214,384,24
201,97,15
224,351,10
231,354,24
210,336,29
230,376,38
254,351,20
247,365,25
217,376,13
260,347,7
232,311,10
214,356,37
240,313,34
201,28,26
276,365,16
273,366,7
217,337,6
257,362,22
224,393,28
235,375,20
223,386,32
400,401,9
403,406,4
400,404,21
404,405,19
400,407,20
404,406,36
401,402,37
404,407,2
401,403,26
405,402,22
401,407,6
405,406,26
402,403,16
407,405,28
402,406,5
407,402,23
402,408,10
406,409,17
410,411,27
413,416,36
410,414,1
414,415,10
410,417,31
414,416,23
411,412,27
414,417,7
411,413,17
415,412,37
411,417,6
415,416,9
412,413,40
417,415,40
412,416,2
417,412,6
412,418,32
416,419,8
400,413,15
404,415,35
404,417,15
401,412,39
402,414,12
401,412,6
405,416,30
405,416,38
400,419,2
403,413,37
403,417,22
400,413,13
402,419,30
401,415,8
400,419,22
404,415,11
404,411,24
406,416,10
401,414,10
400,412,10
400,416,22
400,412,26
407,415,3
405,413,18
401,414,37
407,412,28
402,413,29
401,412,5
404,416,3
404,417,17
420,421,40
423,426,30
420,424,3
424,425,39
420,427,9
424,426,26
421,422,19
424,427,11
421,423,12
425,422,7
421,427,6
425,426,10
422,423,38
427,425,26
422,426,16
427,422,27
422,428,36
426,429,1
416,426,16
414,425,8
414,423,7
414,427,14
412,429,15
415,421,22
415,426,9
412,427,34
411,426,29
417,428,15
412,422,20
413,425,18
415,426,2
415,426,8
411,421,37
412,426,27
415,423,23
417,427,31
414,424,6
417,427,2
414,423,3
417,426,22
413,426,16
412,424,21
412,429,34
415,426,15
410,427,2
410,429,4
416,427,7
413,423,19
430,431,30
433,436,3
430,434,20
434,435,14
430,437,30
434,436,16
431,432,3
434,437,34
431,433,9
435,432,8
431,437,17
435,436,28
432,433,38
437,435,11
432,436,8
437,432,33
432,438,25
436,439,21
422,436,39
420,431,21
427,433,7
426,436,16
425,436,28
422,437,17
425,439,30
427,436,17
424,434,22
422,437,10
422,437,8
420,436,19
427,437,28
421,432,11
423,436,14
424,439,10
423,438,15
421,432,1
420,435,4
426,437,10
422,434,2
423,433,11
422,435,26
422,432,40
420,436,3
427,436,33
426,438,13
422,434,24
423,437,32
424,437,18
440,441,38
443,446,9
440,444,5
444,445,23
440,447,9
444,446,11
441,442,32
444,447,27
441,443,39
445,442,9
441,447,28
445,446,27
442,443,8
447,445,21
442,446,15
447,442,3
442,448,26
446,449,34
434,445,15
435,443,32
434,445,8
435,444,26
437,442,10
432,447,28
430,447,37
432,447,38
432,447,19
431,442,35
432,443,31
430,446,36
435,443,35
434,446,13
430,445,7
434,449,5
432,443,8
434,442,22
432,442,2
435,446,37
432,444,22
434,449,14
432,443,14
432,447,28
436,442,21
431,445,12
431,446,15
435,442,40
437,445,38
431,441,2
450,451,10
453,456,40
450,454,16
454,455,29
450,457,23
454,456,27
451,452,32
454,457,34
451,453,26
455,452,29
451,457,35
455,456,5
452,453,9
457,455,21
452,456,22
457,452,13
452,458,9
456,459,19
441,453,34
442,457,22
444,458,18
444,451,10
440,453,22
444,456,37
444,457,26
443,456,20
445,454,26
442,456,13
440,459,20
444,459,5
441,453,34
447,452,22
443,456,13
442,452,36
445,453,4
444,453,21
440,457,12
440,453,21
447,454,29
447,453,37
443,457,26
446,453,23
447,452,31
447,453,4
441,456,10
445,451,36
446,456,3
444,452,38
460,461,2
463,466,27
460,464,25
464,465,40
460,467,7
464,466,12
461,462,10
464,467,2
461,463,32
465,462,6
461,467,29
465,466,32
462,463,32
467,465,37
462,466,12
467,462,1
462,468,21
466,469,34
457,467,12
452,465,9
450,466,16
454,466,20
455,468,16
456,462,33
457,468,1
452,466,33
451,462,27
454,462,35
451,465,16
450,462,37
451,466,8
455,468,36
452,465,5
457,465,22
454,467,24
451,461,34
452,469,8
457,467,30
452,468,35
454,463,21
454,469,39
457,466,31
450,462,4
457,466,2
455,463,7
456,462,10
456,461,2
450,465,1
470,471,38
473,476,21
470,474,33
474,475,15
470,477,26
474,476,27
471,472,13
474,477,11
471,473,8
475,472,28
471,477,36
475,476,36
472,473,11
477,475,12
472,476,19
477,472,21
472,478,26
476,479,14
460,472,35
466,476,21
464,476,37
465,471,27
461,478,34
461,475,35
462,472,38
467,477,28
464,475,8
461,478,26
462,476,20
461,478,16
465,476,18
467,472,13
460,475,34
460,472,1
460,479,30
460,477,28
461,477,40
463,472,2
467,476,7
467,475,6
462,472,30
462,476,24
467,477,3
460,475,2
464,478,10
463,472,3
466,476,5
464,476,32
480,481,40
483,486,35
480,484,7
484,485,14
480,487,27
484,486,30
481,482,10
484,487,5
481,483,28
485,482,36
481,487,18
485,486,27
482,483,27
487,485,23
482,486,2
487,482,32
482,488,2
486,489,14
475,487,1
471,486,11
471,487,9
477,482,5
472,486,22
471,487,36
472,485,33
471,485,4
474,485,29
471,481,36
472,485,7
471,487,13
472,486,17
473,487,11
476,482,38
470,486,12
477,483,12
474,489,5
473,483,39
472,481,40
472,486,14
472,482,25
476,482,16
470,486,9
471,486,28
472,482,15
470,482,5
475,481,20
472,485,1
472,486,20
490,491,3
493,496,11
490,494,36
494,495,8
490,497,35
494,496,15
491,492,25
494,497,19
491,493,3
495,492,38
491,497,6
495,496,29
492,493,30
497,495,11
492,496,40
497,492,15
492,498,5
496,499,38
484,499,35
484,497,27
480,495,36
481,493,2
480,496,14
487,497,28
484,492,10
480,499,10
484,494,14
480,496,22
484,498,31
480,493,4
482,493,29
481,495,3
480,496,25
482,497,25
481,492,31
480,491,21
487,492,3
480,497,32
481,496,9
484,493,40
482,494,10
481,492,5
482,494,9
482,499,40
484,496,2
487,492,10
484,493,23
487,492,9
387,422,28
343,429,38
334,413,5
325,446,26
390,425,38
331,486,32
322,482,24
323,414,8
335,466,27
323,421,1
343,433,22
332,426,27
315,446,2
380,487,30
325,496,18
312,438,19
382,413,21
327,467,9
346,417,25
354,492,15
397,436,10
351,421,10
323,438,6
357,416,33
324,446,6
301,41,39
371,444,39
362,412,23
364,437,7
364,493,28
352,416,30
352,436,26
367,447,20
380,497,14
381,465,36
387,468,32
301,68,25
386,486,16
374,492,3
341,449,14
304,43,9
377,478,22
355,457,28
312,499,29
327,498,19
323,435,30
370,433,9
367,426,12
300,13,36
301,96,7
382,414,4
355,453,26
331,445,11
382,456,24
321,452,31
312,453,16
377,414,26
344,421,36
343,466,14
307,96,1
371,443,12
352,446,9
380,478,10
351,446,4
330,436,34
301,83,12
364,459,8
367,452,13
340,437,1
382,423,8
304,65,23
384,454,30
332,436,31
347,476,2
341,411,35
332,417,30
343,431,36
352,485,36
335,432,35
344,435,6
300,36,27
364,426,20
326,441,3
354,497,10
396,439,3
382,478,4
384,475,31
311,466,5
343,442,17
324,483,27
361,445,3
362,407,5
312,461,27
324,452,4
347,437,35
376,446,17
394,472,15
344,439,31
342,445,39
321,463,19
357,456,19
364,478,40
387,445,34
360,467,9
305,34,4
322,465,34
382,469,39
313,456,39
385,423,38
371,427,25
342,439,33
341,442,1
304,68,13
371,403,32
314,462,34
384,458,2
382,492,10
361,481,3
306,66,15
340,449,8
361,442,12
377,495,15
347,456,29
382,432,25
392,487,12
337,466,5
330,453,31
356,472,19
344,452,34
376,412,34
331,438,17
361,478,34
364,435,35
345,462,15
386,436,25
394,457,27
386,447,40
354,492,15
366,436,5
350,471,18
345,496,4
364,492,14
342,457,32
300,86,20
341,478,33
327,427,27
301,16,14
331,477,33
360,492,21
362,496,22
351,426,20
320,463,1
321,463,13
360,486,11
372,446,11
365,443,24
321,422,33
305,68,24
380,412,13
321,451,2
380,495,23
332,487,1
376,478,7
356,437,24
302,77,23
337,476,11
354,493,1
315,481,25
355,414,29
305,47,34
362,443,2
326,449,6
322,412,39
315,432,35
335,492,5
322,456,38
352,457,37
344,431,26
345,447,38
344,433,21
384,498,30
311,466,21
364,482,7
343,447,16
371,436,22
336,477,26
362,426,11
301,68,23
324,456,13
321,452,32
344,425,15
313,416,23
314,487,5
347,476,23
380,486,24
347,476,22
387,492,37
351,485,37
376,456,24
312,445,39
370,411,34
324,466,33
371,437,39
337,415,30
344,444,34
311,447,36
320,476,36
384,469,7
380,478,21
391,435,17
304,56,2
360,462,1
342,434,38
367,482,17
387,441,29
327,449,25
367,407,9
331,441,16
395,486,33
385,487,4
314,471,13
337,446,32
360,467,32
397,468,21
363,443,26
365,406,21
300,77,36
327,436,13
357,496,3
311,453,19
351,452,28
354,447,27
374,495,38
324,478,19
345,451,31
334,495,37
380,496,30
390,471,4
341,429,21
381,426,33
384,468,27
312,417,12
340,493,6
301,13,29
390,426,12
380,443,15
334,472,10
360,421,27
315,487,4
330,494,27
345,415,34
374,493,18
391,433,30
393,412,37
324,418,13
380,463,6
382,487,24
322,447,3
394,493,18
390,457,6
372,456,23
381,482,7
337,467,19
384,499,10
356,443,10
303,36,32
312,406,20
310,467,37
353,487,20
381,477,8
340,426,11
314,467,31
397,416,18
327,416,18
320,419,36
330,407,29
382,447,7
384,493,33
362,486,1
306,17,36
306,33,21
362,424,31
317,453,23
307,27,38
367,468,13
382,416,3
365,475,33
337,408,29
365,419,7
354,404,22
351,429,10
335,449,15
364,485,31
304,31,31
340,496,12
330,416,25
381,497,1
383,477,13
362,478,40
370,413,24
500,501,9
503,506,4
500,504,25
504,505,25
500,507,3
504,506,35
501,502,22
504,507,27
501,503,20
505,502,6
501,507,27
505,506,25
502,503,19
507,505,13
502,506,36
507,502,1
502,508,36
506,509,7
510,511,2
513,516,11
510,514,17
514,515,10
510,517,32
514,516,4
511,512,35
514,517,3
511,513,1
515,512,4
511,517,19
515,516,15
512,513,34
517,515,40
512,516,20
517,512,28
512,518,8
516,519,31
500,513,31
504,515,3
504,517,13
501,512,16
502,514,30
501,512,24
505,516,22
505,516,29
500,519,15
503,513,28
503,517,30
500,513,22
502,519,1
501,515,24
500,519,29
504,515,33
504,511,23
506,516,40
501,514,24
500,512,25
500,516,14
500,512,6
507,515,18
505,513,4
501,514,33
507,512,17
502,513,8
501,512,26
504,516,26
504,517,20
520,521,8
523,526,10
520,524,33
524,525,35
520,527,8
524,526,16
521,522,24
524,527,9
521,523,39
525,522,17
521,527,8
525,526,9
522,523,29
527,525,6
522,526,7
527,522,25
522,528,34
526,529,1
516,526,11
514,525,8
514,523,4
514,527,5
512,529,18
515,521,11
515,526,29
512,527,35
511,526,33
517,528,38
512,522,11
513,525,4
515,526,28
515,526,6
511,521,1
512,526,32
515,523,1
517,527,23
514,524,11
517,527,39
514,523,9
517,526,28
513,526,16
512,524,40
512,529,24
515,526,19
510,527,27
510,529,32
516,527,38
513,523,18
530,531,16
533,536,25
530,534,9
534,535,7
530,537,21
534,536,21
531,532,7
534,537,24
531,533,22
535,532,19
531,537,17
535,536,37
532,533,1
537,535,6
532,536,33
537,532,30
532,538,32
536,539,36
522,536,17
520,531,32
527,533,27
526,536,36
525,536,16
522,537,28
525,539,10
527,536,2
524,534,4
522,537,1
522,537,7
520,536,27
527,537,2
521,532,21
523,536,6
524,539,38
523,538,13
521,532,20
520,535,6
526,537,20
522,534,31
523,533,15
522,535,11
522,532,8
520,536,23
527,536,4
526,538,7
522,534,3
523,537,26
524,537,5
540,541,20
543,546,4
540,544,30
544,545,4
540,547,2
544,546,31
541,542,39
544,547,13
541,543,6
545,542,40
541,547,31
545,546,39
542,543,8
547,545,40
542,546,30
547,542,32
542,548,10
546,549,22
534,545,20
535,543,30
534,545,31
535,544,4
537,542,13
532,547,4
530,547,24
532,547,25
532,547,34
531,542,9
532,543,7
530,546,33
535,543,4
534,546,8
530,545,36
534,549,17
532,543,32
534,542,7
532,542,36
535,546,1
532,544,25
534,549,6
532,543,25
532,547,37
536,542,7
531,545,23
531,546,29
535,542,1
537,545,32
531,541,14
550,551,24
553,556,20
550,554,31
554,555,14
550,557,21
554,556,29
551,552,19
554,557,24
551,553,20
555,552,14
551,557,14
555,556,2
552,553,29
557,555,8
552,556,32
557,552,34
552,558,38
556,559,39
541,553,34
542,557,40
544,558,29
544,551,38
540,553,21
544,556,36
544,557,32
543,556,7
545,554,25
542,556,14
540,559,14
544,559,3
541,553,20
547,552,38
543,556,34
542,552,19
545,553,12
544,553,5
540,557,27
540,553,24
547,554,11
547,553,23
543,557,40
546,553,39
547,552,12
547,553,23
541,556,7
545,551,27
546,556,28
544,552,39
560,561,30
563,566,34
560,564,21
564,565,38
560,567,36
564,566,5
561,562,32
564,567,18
561,563,12
565,562,15
561,567,9
565,566,5
562,563,25
567,565,35
562,566,10
567,562,6
562,568,24
566,569,22
557,567,40
552,565,31
550,566,2
554,566,29
555,568,34
556,562,30
557,568,23
552,566,40
551,562,29
554,562,19
551,565,40
550,562,20
551,566,1
555,568,26
552,565,19
557,565,16
554,567,13
551,561,3
552,569,40
557,567,26
552,568,24
554,563,14
554,569,18
557,566,7
550,562,2
557,566,18
555,563,36
556,562,40
556,561,4
550,565,12
570,571,19
573,576,39
570,574,35
574,575,20
570,577,5
574,576,16
571,572,17
574,577,33
571,573,2
575,572,12
571,577,19
575,576,23
572,573,40
577,575,1
572,576,16
577,572,36
572,578,2
576,579,3
560,572,13
566,576,1
564,576,9
565,571,18
561,578,21
561,575,27
562,572,5
567,577,1
564,575,39
561,578,12
562,576,38
561,578,15
565,576,10
567,572,6
560,575,40
560,572,10
560,579,1
560,577,13
561,577,2
563,572,20
567,576,28
567,575,38
562,572,6
562,576,14
567,577,40
560,575,25
564,578,1
563,572,11
566,576,4
564,576,19
580,581,7
583,586,22
580,584,10
584,585,19
580,587,27
584,586,19
581,582,26
584,587,28
581,583,31
585,582,14
581,587,33
585,586,38
582,583,9
587,585,17
582,586,6
587,582,13
582,588,34
586,589,21
575,587,22
571,586,22
571,587,35
577,582,3
572,586,15
571,587,5
572,585,9
571,585,2
574,585,29
571,581,19
572,585,23
571,587,1
572,586,8
573,587,17
576,582,17
570,586,19
577,583,28
574,589,25
573,583,6
572,581,5
572,586,38
572,582,39
576,582,38
570,586,6
571,586,38
572,582,39
570,582,22
575,581,28
572,585,28
572,586,5
590,591,1
593,596,35
590,594,28
594,595,33
590,597,19
594,596,10
591,592,21
594,597,38
591,593,28
595,592,6
591,597,20
595,596,37
592,593,26
597,595,33
592,596,2
597,592,38
592,598,11
596,599,22
584,599,30
584,597,25
580,595,20
581,593,20
580,596,34
587,597,31
584,592,26
580,599,12
584,594,35
580,596,5
584,598,10
580,593,13
582,593,9
581,595,17
580,596,15
582,597,39
581,592,24
580,591,21
587,592,12
580,597,28
581,596,38
584,593,1
582,594,31
581,592,23
582,594,3
582,599,16
584,596,14
587,592,35
584,593,11
587,592,19
481,586,11
402,78,30
404,32,28
420,556,21
435,532,23
490,514,24
454,552,30
484,545,1
444,543,25
450,516,12
480,521,29
400,13,25
450,501,2
461,576,22
401,83,20
450,576,1
492,557,26
415,595,25
477,525,3
477,506,1
471,593,32
484,562,2
495,553,38
422,517,40
464,586,14
421,514,39
454,566,28
404,78,33
457,523,18
434,556,21
414,538,36
442,545,13
411,506,5
461,539,40
437,572,35
470,556,9
476,509,21
480,521,13
451,519,35
400,96,9
432,514,7
440,512,26
444,578,6
422,565,22
464,576,16
420,576,19
465,516,5
477,523,39
477,598,8
430,545,32
402,66,30
422,596,27
413,596,12
405,36,2
473,536,7
420,566,2
401,62,5
487,572,39
432,583,6
414,522,33
420,553,18
470,566,3
422,535,25
484,534,35
472,546,34
400,78,39
480,523,21
482,581,5
482,562,34
454,595,21
480,583,27
414,575,36
447,572,37
400,83,5
407,13,38
461,527,30
461,568,9
412,553,3
400,79,15
432,544,38
435,527,40
445,513,3
482,596,23
415,543,19
415,546,38
415,593,20
400,42,4
462,572,27
426,537,37
484,513,23
494,515,15
482,514,38
434,566,29
472,589,20
462,566,25
442,513,4
480,522,22
406,67,29
427,593,11
466,533,37
412,539,3
404,504,518
451,581,18
464,557,8
415,576,7
424,542,35
435,575,10
422,566,35
482,563,4
484,556,28
444,578,6
470,566,9
490,517,14
407,69,34
484,534,28
400,69,16
452,546,31
482,587,15
497,563,39
412,582,7
484,567,27
442,578,28
432,562,12
497,582,5
462,562,34
451,538,12
427,595,9
404,43,26
472,546,4
490,525,8
425,568,2
480,527,37
472,517,28
461,576,8
452,501,1
421,599,13
483,597,40
490,553,17
482,582,25
441,585,39
420,549,8
487,515,8
470,512,29
474,545,22
443,545,8
421,536,1
452,525,17
407,15,3
484,535,4
415,582,25
467,503,18
480,556,6
490,524,15
452,529,32
415,586,34
470,512,20
415,543,40
405,53,25
420,582,11
446,537,9
426,556,19
461,518,18
465,526,4
460,587,13
415,526,4
461,586,27
442,529,5
494,564,38
480,512,8
472,547,21
462,532,12
461,515,37
417,512,9
430,572,13
451,506,5
447,575,24
413,572,15
431,594,12
434,566,24
457,532,14
450,552,38
493,557,5
426,523,30
426,593,29
456,594,6
400,72,1
450,528,25
475,582,8
492,563,11
484,519,6
453,557,19
466,565,35
461,532,7
404,97,13
482,516,9
463,545,1
452,562,15
400,96,37
471,585,9
403,56,24
447,537,26
444,587,15
495,511,25
493,553,20
476,512,19
444,542,22
412,562,31
440,526,17
440,562,26
401,56,38
495,592,40
451,596,1
480,552,39
471,532,22
447,568,40
461,527,32
424,553,18
417,545,12
424,507,22
401,26,17
424,532,16
481,578,39
474,566,18
404,34,9
454,552,1
492,562,21
483,534,12
467,527,33
480,527,29
431,529,34
447,563,24
482,556,14
472,526,4
461,532,20
403,73,29
460,503,26
425,573,11
404,42,19
422,513,10
432,513,30
442,545,9
481,586,4
414,517,11
454,536,23
450,578,27
434,553,7
444,545,26
447,592,15
472,587,2
454,514,33
477,536,39
401,53,8
405,26,29
442,581,6
454,513,18
481,594,12
480,526,29
480,592,6
487,581,3
415,578,9
474,532,26
470,535,21
450,575,5
451,576,15
443,556,32
414,537,26
465,529,40
487,508,3
463,592,7
472,512,40
490,526,6
452,565,35
402,57,20
401,15,19
443,547,12
400,99,16
470,536,3
457,557,38
463,565,4
471,571,31
444,593,28
470,543,12
446,545,7
460,556,4
410,527,32
487,554,28
420,587,10
414,537,4
490,527,1
487,537,38
422,512,33
477,526,17
403,56,11
421,575,10
421,581,22
484,597,14
444,516,34
430,513,36
400,85,28
474,592,3
600,601,21
603,606,15
600,604,14
604,605,19
600,607,2
604,606,21
601,602,19
604,607,10
601,603,1
605,602,10
601,607,8
605,606,2
602,603,18
607,605,34
602,606,28
607,602,35
602,608,31
606,609,11
610,611,5
613,616,37
610,614,10
614,615,7
610,617,10
614,616,6
611,612,6
614,617,24
611,613,24
615,612,8
611,617,27
615,616,2
612,613,27
617,615,20
612,616,25
617,612,15
612,618,30
616,619,21
600,613,28
604,615,21
604,617,18
601,612,34
602,614,25
601,612,16
605,616,23
605,616,11
600,619,26
603,613,24
603,617,5
600,613,31
602,619,4
601,615,22
600,619,14
604,615,32
604,611,32
606,616,33
601,614,29
600,612,8
600,616,36
600,612,7
607,615,18
605,613,34
601,614,19
607,612,20
602,613,34
601,612,1
604,616,36
604,617,19
620,621,23
623,626,13
620,624,36
624,625,2
620,627,13
624,626,19
621,622,6
624,627,3
621,623,32
625,622,34
621,627,38
625,626,33
622,623,32
627,625,8
622,626,10
627,622,11
622,628,15
626,629,8
616,626,13
614,625,14
614,623,29
614,627,34
612,629,9
615,621,36
615,626,39
612,627,27
611,626,9
617,628,19
612,622,35
613,625,30
615,626,14
615,626,29
611,621,34
612,626,24
615,623,7
617,627,23
614,624,1
617,627,29
614,623,6
617,626,15
613,626,29
612,624,38
612,629,14
615,626,38
610,627,10
610,629,15
616,627,16
613,623,30
630,631,12
633,636,3
630,634,9
634,635,24
630,637,39
634,636,11
631,632,40
634,637,28
631,633,24
635,632,40
631,637,39
635,636,4
632,633,24
637,635,11
632,636,10
637,632,28
632,638,14
636,639,30
622,636,8
620,631,28
627,633,14
626,636,40
625,636,10
622,637,22
625,639,6
627,636,6
624,634,37
622,637,9
622,637,19
620,636,16
627,637,2
621,632,31
623,636,4
624,639,19
623,638,13
621,632,18
620,635,11
626,637,5
622,634,14
623,633,10
622,635,37
622,632,38
620,636,7
627,636,40
626,638,2
622,634,8
623,637,4
624,637,34
640,641,8
643,646,29
640,644,9
644,645,11
640,647,25
644,646,15
641,642,31
644,647,24
641,643,20
645,642,37
641,647,37
645,646,4
642,643,20
647,645,7
642,646,14
647,642,29
642,648,13
646,649,21
634,645,12
635,643,18
634,645,36
635,644,27
637,642,27
632,647,5
630,647,39
632,647,22
632,647,11
631,642,24
632,643,34
630,646,1
635,643,25
634,646,7
630,645,27
634,649,37
632,643,3
634,642,24
632,642,23
635,646,18
632,644,17
634,649,18
632,643,40
632,647,34
636,642,22
631,645,18
631,646,40
635,642,20
637,645,1
631,641,14
650,651,2
653,656,11
650,654,26
654,655,37
650,657,4
654,656,40
651,652,3
654,657,14
651,653,37
655,652,24
651,657,8
655,656,39
652,653,23
657,655,39
652,656,8
657,652,12
652,658,32
656,659,23
641,653,40
642,657,39
644,658,38
644,651,20
640,653,19
644,656,7
644,657,14
643,656,19
645,654,6
642,656,9
640,659,27
644,659,9
641,653,24
647,652,30
643,656,20
642,652,28
645,653,37
644,653,19
640,657,34
640,653,10
647,654,34
647,653,19
643,657,6
646,653,20
647,652,38
647,653,24
641,656,19
645,651,31
646,656,9
644,652,14
660,661,9
663,666,15
660,664,13
664,665,21
660,667,11
664,666,8
661,662,35
664,667,21
661,663,36
665,662,38
661,667,12
665,666,21
662,663,1
667,665,22
662,666,11
667,662,6
662,668,36
666,669,9
657,667,30
652,665,36
650,666,33
654,666,31
655,668,6
656,662,28
657,668,7
652,666,38
651,662,31
654,662,35
651,665,3
650,662,11
651,666,31
655,668,17
652,665,27
657,665,16
654,667,32
651,661,6
652,669,4
657,667,4
652,668,32
654,663,1
654,669,22
657,666,5
650,662,7
657,666,31
655,663,4
656,662,27
656,661,20
650,665,21
670,671,13
673,676,39
670,674,21
674,675,32
670,677,18
674,676,7
671,672,14
674,677,37
671,673,6
675,672,24
671,677,21
675,676,7
672,673,8
677,675,32
672,676,22
677,672,32
672,678,27
676,679,12
660,672,26
666,676,10
664,676,20
665,671,4
661,678,29
661,675,4
662,672,20
667,677,8
664,675,28
661,678,37
662,676,34
661,678,30
665,676,35
667,672,1
660,675,5
660,672,23
660,679,6
660,677,35
661,677,40
663,672,9
667,676,23
667,675,18
662,672,25
662,676,35
667,677,37
660,675,36
664,678,13
663,672,29
666,676,29
664,676,5
680,681,35
683,686,12
680,684,21
684,685,22
680,687,4
684,686,12
681,682,24
684,687,17
681,683,29
685,682,6
681,687,22
685,686,4
682,683,20
687,685,29
682,686,36
687,682,16
682,688,3
686,689,2
675,687,19
671,686,38
671,687,8
677,682,19
672,686,29
671,687,9
672,685,7
671,685,17
674,685,38
671,681,14
672,685,5
671,687,36
672,686,13
673,687,3
676,682,29
670,686,23
677,683,17
674,689,22
673,683,13
672,681,27
672,686,2
672,682,30
676,682,27
670,686,28
671,686,13
672,682,1
670,682,21
675,681,1
672,685,7
672,686,36
690,691,7
693,696,9
690,694,3
694,695,32
690,697,36
694,696,10
691,692,2
694,697,23
691,693,17
695,692,35
691,697,30
695,696,18
692,693,15
697,695,32
692,696,28
697,692,16
692,698,26
696,699,14
684,699,5
684,697,34
680,695,24
681,693,11
680,696,31
687,697,16
684,692,37
680,699,17
684,694,16
680,696,8
684,698,1
680,693,9
682,693,2
681,695,35
680,696,22
682,697,39
681,692,40
680,691,20
687,692,34
680,697,36
681,696,29
684,693,25
682,694,35
681,692,14
682,694,2
682,699,8
684,696,39
687,692,27
684,693,3
687,692,18
531,666,12
507,602,624
594,605,18
567,672,27
522,634,4
556,672,4
532,653,2
562,666,31
501,45,33
572,619,40
561,661,5
572,696,40
575,623,17
535,601,28
557,627,24
535,654,34
580,666,37
522,653,13
544,672,30
567,641,15
512,659,1
572,646,8
504,14,37
531,616,16
534,687,25
540,667,25
561,627,1
527,699,23
526,644,35
557,617,16
580,627,37
537,673,24
514,634,7
560,683,18
501,71,4
504,15,14
511,653,33
526,685,31
584,637,19
550,615,39
504,67,40
537,683,17
510,645,15
551,614,28
521,602,31
554,696,15
522,676,20
574,646,30
522,675,20
540,656,23
534,672,40
587,633,25
505,65,36
544,657,39
556,661,22
567,693,34
531,641,11
513,686,9
584,689,6
581,656,23
501,35,15
521,647,32
571,641,10
536,676,22
530,654,20
514,647,10
561,676,10
520,651,3
532,676,15
526,657,25
570,642,39
564,697,4
524,671,26
565,656,28
532,676,6
577,626,20
504,72,15
541,637,37
531,687,14
513,614,11
557,653,35
555,638,25
500,56,11
552,643,25
592,616,6
560,676,17
551,676,8
584,629,32
522,617,1
510,679,34
537,671,5
570,673,26
576,635,3
567,657,14
526,644,19
534,626,6
512,637,10
550,637,12
544,627,1
545,697,16
580,668,27
522,693,35
552,686,19
587,628,13
575,673,21
577,635,33
593,692,32
512,662,29
581,677,16
550,636,18
534,626,39
520,622,35
572,683,16
556,629,17
567,653,5
561,678,1
500,97,15
502,65,1
590,634,22
511,626,1
503,36,2
561,693,33
584,671,8
562,649,37
574,685,25
500,56,5
571,642,27
585,627,19
582,615,8
580,698,20
571,637,29
560,632,25
575,629,27
532,693,8
540,619,33
546,697,2
501,62,33
507,78,22
574,694,8
565,612,39
561,626,37
510,692,38
550,642,34
504,46,30
515,684,34
580,697,33
512,698,35
543,632,22
552,635,10
513,632,6
587,637,18
556,674,22
587,611,24
513,658,10
560,687,1
582,639,26
580,607,17
574,664,23
546,663,10
572,676,18
551,642,8
532,641,32
560,654,8
511,677,20
517,616,13
522,665,14
584,694,5
537,672,2
514,676,33
582,676,23
534,636,37
572,612,40
571,675,8
536,615,11
595,626,37
561,687,27
582,632,10
582,626,2
512,692,5
551,685,38
515,627,37
592,636,2
515,636,38
551,636,32
580,612,13
505,76,40
560,697,1
505,59,17
563,621,3
515,662,1
532,666,40
550,692,33
584,686,8
554,672,27
544,672,14
515,667,37
550,652,10
562,637,11
575,675,6
561,666,38
503,11,28
584,696,21
515,681,35
507,86,20
501,47,35
534,612,15
516,686,16
580,646,4
522,635,9
544,696,9
547,624,34
547,665,40
516,626,32
581,666,28
567,627,2
580,639,30
524,635,7
556,634,38
551,665,9
534,663,21
547,675,7
566,656,6
547,637,31
547,647,24
554,688,1
537,667,18
582,615,17
505,76,25
566,676,35
584,616,7
561,612,21
532,614,1
532,694,38
563,665,40
550,672,27
504,92,7
505,78,26
585,607,8
564,675,23
561,647,8
557,686,17
584,677,18
501,87,35
534,636,22
537,646,38
517,653,8
574,653,9
515,692,12
563,698,11
512,692,37
500,54,34
501,68,38
574,656,28
514,667,35
581,652,4
531,625,2
564,624,15
560,677,38
591,614,35
540,643,8
571,657,10
503,27,23
582,667,26
574,684,24
504,602,61
513,637,23
573,692,13
501,56,26
536,687,25
504,96,19
505,76,30
554,672,3
517,664,17
564,623,26
515,686,4
591,677,9
540,626,21
502,61,29
556,661,38
522,678,35
587,613,13
524,666,7
532,634,33
593,643,22
544,693,19
577,665,10
554,696,32
574,652,16
567,636,19
530,686,28
560,606,31
570,697,39
576,676,31
552,663,39
551,697,36
514,672,32
571,699,30
541,612,37
524,644,34
507,62,23
700,701,4
703,706,1
700,704,2
704,705,26
700,707,34
704,706,24
701,702,24
704,707,13
701,703,38
705,702,2
701,707,27
705,706,9
702,703,24
707,705,24
702,706,21
707,702,24
702,708,2
706,709,26
710,711,19
713,716,36
710,714,38
714,715,21
710,717,36
714,716,26
711,712,21
714,717,12
711,713,1
715,712,2
711,717,20
715,716,19
712,713,18
717,715,35
712,716,6
717,712,15
712,718,22
716,719,27
700,713,29
704,715,36
704,717,14
701,712,26
702,714,26
701,712,3
705,716,9
705,716,29
700,719,23
703,713,25
703,717,23
700,713,36
702,719,30
701,715,29
700,719,39
704,715,32
704,711,7
706,716,32
701,714,22
700,712,12
700,716,33
700,712,22
707,715,35
705,713,3
701,714,12
707,712,9
702,713,22
701,712,20
704,716,35
704,717,2
720,721,3
723,726,17
720,724,13
724,725,1
720,727,16
724,726,21
721,722,8
724,727,38
721,723,29
725,722,25
721,727,16
725,726,11
722,723,20
727,725,1
722,726,38
727,722,33
722,728,30
726,729,16
716,726,29
714,725,19
714,723,10
714,727,20
712,729,34
715,721,6
715,726,29
712,727,18
711,726,40
717,728,17
712,722,21
713,725,24
715,726,37
715,726,34
711,721,9
712,726,18
715,723,38
717,727,30
714,724,17
717,727,34
714,723,5
717,726,15
713,726,15
712,724,18
712,729,15
715,726,15
710,727,15
710,729,14
716,727,38
713,723,39
730,731,31
733,736,25
730,734,24
734,735,11
730,737,23
734,736,39
731,732,35
734,737,16
731,733,39
735,732,12
731,737,30
735,736,16
732,733,26
737,735,22
732,736,28
737,732,18
732,738,7
736,739,22
722,736,23
720,731,7
727,733,7
726,736,28
725,736,11
722,737,13
725,739,30
727,736,29
724,734,39
722,737,29
722,737,36
720,736,21
727,737,40
721,732,7
723,736,30
724,739,27
723,738,14
721,732,12
720,735,29
726,737,39
722,734,11
723,733,36
722,735,35
722,732,22
720,736,39
727,736,36
726,738,19
722,734,23
723,737,26
724,737,28
740,741,5
743,746,28
740,744,4
744,745,35
740,747,30
744,746,11
741,742,20
744,747,34
741,743,34
745,742,38
741,747,29
745,746,9
742,743,16
747,745,25
742,746,9
747,742,15
742,748,7
746,749,27
734,745,6
735,743,9
734,745,40
735,744,30
737,742,7
732,747,21
730,747,14
732,747,23
732,747,4
731,742,8
732,743,14
730,746,16
735,743,1
734,746,34
730,745,34
734,749,9
732,743,40
734,742,35
732,742,2
735,746,9
732,744,20
734,749,12
732,743,2
732,747,6
736,742,39
731,745,13
731,746,22
735,742,11
737,745,10
731,741,4
750,751,16
753,756,24
750,754,3
754,755,9
750,757,19
754,756,2
751,752,12
754,757,21
751,753,7
755,752,20
751,757,26
755,756,40
752,753,29
757,755,36
752,756,15
757,752,26
752,758,2
756,759,11
741,753,5
742,757,27
744,758,19
744,751,20
740,753,10
744,756,12
744,757,6
743,756,9
745,754,4
742,756,11
740,759,30
744,759,1
741,753,32
747,752,7
743,756,27
742,752,27
745,753,23
744,753,7
740,757,32
740,753,16
747,754,9
747,753,27
743,757,15
746,753,20
747,752,16
747,753,19
741,756,34
745,751,9
746,756,3
744,752,34
760,761,18
763,766,34
760,764,36
764,765,18
760,767,8
764,766,16
761,762,40
764,767,21
761,763,12
765,762,34
761,767,21
765,766,13
762,763,1
767,765,37
762,766,20
767,762,7
762,768,11
766,769,30
757,767,6
752,765,38
750,766,32
754,766,39
755,768,22
756,762,16
757,768,33
752,766,17
751,762,10
754,762,36
751,765,28
750,762,13
751,766,40
755,768,36
752,765,10
757,765,27
754,767,20
751,761,24
752,769,40
757,767,4
752,768,29
754,763,5
754,769,33
757,766,24
750,762,13
757,766,24
755,763,2
756,762,24
756,761,16
750,765,36
770,771,33
773,776,27
770,774,2
774,775,3
770,777,11
774,776,3
771,772,38
774,777,10
771,773,5
775,772,16
771,777,29
775,776,28
772,773,29
777,775,17
772,776,9
777,772,26
772,778,37
776,779,1
760,772,39
766,776,36
764,776,31
765,771,29
761,778,16
761,775,21
762,772,15
767,777,25
764,775,13
761,778,22
762,776,17
761,778,35
765,776,4
767,772,18
760,775,34
760,772,21
760,779,28
760,777,10
761,777,14
763,772,11
767,776,5
767,775,11
762,772,8
762,776,37
767,777,12
760,775,22
764,778,9
763,772,6
766,776,11
764,776,20
780,781,32
783,786,13
780,784,10
784,785,35
780,787,7
784,786,11
781,782,20
784,787,17
781,783,12
785,782,24
781,787,13
785,786,28
782,783,5
787,785,22
782,786,40
787,782,27
782,788,17
786,789,6
775,787,11
771,786,6
771,787,11
777,782,12
772,786,16
771,787,23
772,785,17
771,785,8
774,785,24
771,781,2
772,785,9
771,787,28
772,786,17
773,787,20
776,782,18
770,786,21
777,783,3
774,789,9
773,783,10
772,781,26
772,786,12
772,782,25
776,782,34
770,786,12
771,786,9
772,782,27
770,782,30
775,781,14
772,785,18
772,786,19
790,791,37
793,796,28
790,794,25
794,795,35
790,797,34
794,796,5
791,792,34
794,797,31
791,793,38
795,792,33
791,797,10
795,796,5
792,793,36
797,795,18
792,796,37
797,792,27
792,798,7
796,799,23
784,799,28
784,797,20
780,795,36
781,793,34
780,796,27
787,797,28
784,792,23
780,799,19
784,794,33
780,796,25
784,798,1
780,793,33
782,793,14
781,795,37
780,796,31
782,797,2
781,792,37
780,791,35
787,792,28
780,797,39
781,796,26
784,793,40
782,794,6
781,792,39
782,794,33
782,799,10
784,796,26
787,792,22
784,793,20
787,792,26
687,735,7
674,746,10
647,745,28
626,796,19
672,717,19
672,726,38
615,726,21
671,723,31
674,764,33
674,715,24
613,756,29
650,794,15
656,714,11
623,782,27
672,712,29
630,795,20
682,726,25
631,753,13
611,726,27
661,762,28
621,734,36
617,737,37
640,775,18
643,767,17
626,774,30
667,726,12
603,708,739
655,737,24
600,701,735
667,796,4
606,37,17
614,703,15
630,743,6
620,755,36
650,793,40
697,799,14
620,736,23
684,794,9
636,777,18
684,716,2
644,769,13
660,703,22
664,781,22
622,702,15
652,792,25
647,737,7
687,785,29
651,736,7
662,726,24
660,772,17
604,17,28
652,766,37
695,756,30
614,799,31
662,713,13
632,796,11
670,716,10
640,772,15
684,729,39
616,746,23
636,737,30
652,796,1
601,17,30
684,742,30
671,759,17
614,769,28
620,756,7
657,706,16
601,56,19
617,766,31
650,794,9
654,714,14
664,712,2
674,776,22
661,737,11
654,756,33
631,753,4
655,763,28
614,756,26
625,793,7
676,786,33
675,786,8
622,759,10
625,767,1
674,716,32
684,745,5
667,783,37
640,786,29
672,723,7
676,786,21
630,785,31
650,713,33
680,759,16
677,741,1
645,722,9
634,744,14
642,799,5
634,756,11
627,729,9
615,771,25
692,747,3
697,716,18
661,726,26
615,726,12
665,735,3
614,703,7
691,792,1
680,736,22
682,796,20
652,787,22
623,728,15
613,792,5
650,793,39
631,785,32
600,67,25
612,767,5
601,36,18
614,729,2
613,752,31
655,781,28
660,766,13
671,772,6
626,713,8
644,753,34
674,786,9
661,785,3
611,789,38
682,773,34
684,795,2
677,765,1
624,777,28
651,783,4
615,715,32
640,737,7
662,717,18
601,67,38
647,786,19
666,749,1
641,776,24
684,785,33
607,81,3
661,799,19
684,714,11
696,711,33
604,93,6
660,772,4
667,743,32
651,703,32
634,716,27
627,746,26
654,755,12
651,713,15
632,738,38
601,86,28
667,746,39
675,717,16
657,702,30
624,702,9
626,729,26
640,735,15
655,789,5
684,776,7
617,757,13
631,713,38
642,717,11
610,792,5
600,87,38
602,12,9
640,747,6
684,765,15
671,745,32
621,785,22
657,736,29
630,747,25
684,754,34
675,783,22
666,753,14
620,758,8
642,766,1
682,743,23
646,712,25
640,787,25
670,785,7
660,722,38
680,765,13
671,775,24
611,723,8
651,736,19
640,726,8
617,731,2
686,772,11
634,792,4
620,766,4
667,705,32
682,762,7
680,766,37
635,761,39
662,772,15
671,716,11
613,727,2
661,742,5
676,752,6
617,739,30
635,797,34
687,799,7
644,753,10
626,754,2
662,771,4
650,763,9
601,12,36
674,732,27
644,743,10
667,782,24
671,776,31
680,717,14
692,791,8
613,758,4
627,742,4
614,792,12
603,34,18
690,727,6
680,762,23
671,797,15
620,721,18
671,728,6
664,798,5
630,792,4
684,705,32
665,718,27
687,715,5
613,726,33
656,792,7
617,777,18
680,716,22
660,756,40
672,782,7
697,776,21
602,66,30
667,706,3
672,766,29
627,772,24
604,21,21
601,17,36
600,62,16
672,767,35
612,747,23
653,741,19
667,708,28
640,712,7
656,725,36
630,766,37
655,737,28
674,766,30
674,717,9
651,726,27
644,746,15
622,797,25
607,51,26
612,742,16
624,746,14
617,715,26
627,742,37
624,782,19
601,93,26
647,745,6
680,787,8
615,787,36
627,767,18
604,43,10
616,703,40
624,797,28
641,739,35
671,762,12
615,781,18
687,735,32
603,26,3
661,796,31
622,712,33
651,787,37
672,743,30
655,797,1
644,786,4
665,776,10
644,722,28
656,716,40
624,782,20
687,776,2
631,775,9
650,727,29
641,781,40
635,736,5
615,754,16
634,765,18
643,797,32
660,725,14
637,742,36
632,785,22
662,777,6
614,775,30
606,99,36
800,801,29
803,806,20
800,804,16
804,805,31
800,807,40
804,806,11
801,802,39
804,807,15
801,803,20
805,802,25
801,807,13
805,806,33
802,803,30
807,805,6
802,806,15
807,802,10
802,808,34
806,809,1
810,811,6
813,816,20
810,814,10
814,815,34
810,817,35
814,816,11
811,812,14
814,817,19
811,813,32
815,812,12
811,817,28
815,816,15
812,813,15
817,815,39
812,816,24
817,812,26
812,818,31
816,819,23
800,813,35
804,815,24
804,817,40
801,812,2
802,814,33
801,812,36
805,816,37
805,816,9
800,819,35
803,813,18
803,817,18
800,813,15
802,819,31
801,815,13
800,819,22
804,815,38
804,811,21
806,816,15
801,814,33
800,812,39
800,816,35
800,812,21
807,815,5
805,813,1
801,814,19
807,812,30
802,813,24
801,812,12
804,816,20
804,817,33
820,821,17
823,826,6
820,824,15
824,825,19
820,827,13
824,826,11
821,822,30
824,827,11
821,823,6
825,822,14
821,827,16
825,826,34
822,823,40
827,825,1
822,826,38
827,822,33
822,828,7
826,829,33
816,826,6
814,825,18
814,823,34
814,827,13
812,829,6
815,821,19
815,826,30
812,827,1
811,826,33
817,828,26
812,822,2
813,825,35
815,826,11
815,826,20
811,821,21
812,826,11
815,823,32
817,827,22
814,824,3
817,827,29
814,823,27
817,826,40
813,826,37
812,824,11
812,829,40
815,826,16
810,827,17
810,829,10
816,827,23
813,823,4
830,831,24
833,836,40
830,834,15
834,835,37
830,837,40
834,836,37
831,832,4
834,837,39
831,833,3
835,832,13
831,837,35
835,836,5
832,833,39
837,835,4
832,836,39
837,832,40
832,838,17
836,839,38
822,836,8
820,831,21
827,833,13
826,836,1
825,836,32
822,837,5
825,839,4
827,836,30
824,834,20
822,837,36
822,837,1
820,836,39
827,837,33
821,832,32
823,836,1
824,839,1
823,838,29
821,832,30
820,835,29
826,837,24
822,834,37
823,833,30
822,835,15
822,832,4
820,836,39
827,836,7
826,838,31
822,834,2
823,837,2
824,837,14
840,841,23
843,846,37
840,844,30
844,845,39
840,847,10
844,846,15
841,842,11
844,847,30
841,843,34
845,842,35
841,847,24
845,846,38
842,843,25
847,845,28
842,846,30
847,842,4
842,848,40
846,849,40
834,845,20
835,843,8
834,845,30
835,844,15
837,842,38
832,847,4
830,847,13
832,847,1
832,847,15
831,842,31
832,843,14
830,846,15
835,843,32
834,846,38
830,845,21
834,849,7
832,843,3
834,842,16
832,842,21
835,846,21
832,844,35
834,849,6
832,843,2
832,847,19
836,842,11
831,845,31
831,846,1
835,842,16
837,845,16
831,841,39
850,851,5
853,856,16
850,854,36
854,855,3
850,857,35
854,856,21
851,852,25
854,857,19
851,853,12
855,852,27
851,857,2
855,856,16
852,853,35
857,855,30
852,856,4
857,852,6
852,858,23
856,859,5
841,853,34
842,857,7
844,858,35
844,851,8
840,853,7
844,856,11
844,857,15
843,856,16
845,854,4
842,856,24
840,859,15
844,859,32
841,853,21
847,852,32
843,856,4
842,852,19
845,853,16
844,853,21
840,857,15
840,853,37
847,854,29
847,853,13
843,857,27
846,853,9
847,852,25
847,853,39
841,856,21
845,851,6
846,856,2
844,852,18
860,861,7
863,866,13
860,864,25
864,865,39
860,867,16
864,866,30
861,862,9
864,867,22
861,863,16
865,862,3
861,867,9
865,866,12
862,863,2
867,865,11
862,866,9
867,862,35
862,868,10
866,869,20
857,867,21
852,865,31
850,866,40
854,866,40
855,868,20
856,862,26
857,868,26
852,866,6
851,862,38
854,862,3
851,865,14
850,862,35
851,866,10
855,868,3
852,865,28
857,865,20
854,867,9
851,861,36
852,869,21
857,867,24
852,868,12
854,863,22
854,869,15
857,866,17
850,862,6
857,866,7
855,863,4
856,862,6
856,861,17
850,865,24
870,871,10
873,876,12
870,874,1
874,875,38
870,877,31
874,876,14
871,872,2
874,877,18
871,873,25
875,872,25
871,877,25
875,876,6
872,873,11
877,875,7
872,876,36
877,872,5
872,878,10
876,879,28
860,872,25
866,876,4
864,876,3
865,871,10
861,878,2
861,875,13
862,872,34
867,877,15
864,875,12
861,878,14
862,876,39
861,878,13
865,876,16
867,872,21
860,875,13
860,872,10
860,879,3
860,877,4
861,877,15
863,872,22
867,876,37
867,875,36
862,872,15
862,876,5
867,877,31
860,875,37
864,878,32
863,872,3
866,876,24
864,876,39
880,881,33
883,886,5
880,884,16
884,885,10
880,887,20
884,886,15
881,882,35
884,887,35
881,883,39
885,882,34
881,887,7
885,886,7
882,883,31
887,885,30
882,886,33
887,882,39
882,888,22
886,889,30
875,887,31
871,886,28
871,887,5
877,882,2
872,886,6
871,887,12
872,885,1
871,885,29
874,885,4
871,881,18
872,885,35
871,887,2
872,886,29
873,887,16
876,882,1
870,886,3
877,883,38
874,889,22
873,883,7
872,881,9
872,886,10
872,882,39
876,882,25
870,886,35
871,886,17
872,882,24
870,882,8
875,881,24
872,885,25
872,886,15
890,891,35
893,896,27
890,894,36
894,895,27
890,897,9
894,896,36
891,892,13
894,897,5
891,893,33
895,892,36
891,897,20
895,896,11
892,893,25
897,895,6
892,896,38
897,892,10
892,898,26
896,899,36
884,899,12
884,897,38
880,895,22
881,893,2
880,896,19
887,897,16
884,892,9
880,899,17
884,894,39
880,896,40
884,898,32
880,893,15
882,893,16
881,895,40
880,896,30
882,897,22
881,892,28
880,891,11
887,892,9
880,897,1
881,896,27
884,893,33
882,894,25
881,892,17
882,894,26
882,899,13
884,896,26
887,892,20
884,893,34
887,892,20
774,827,29
791,837,1
744,859,33
722,829,8
782,847,8
736,883,19
764,839,26
754,887,14
741,853,3
716,876,9
701,12,2
780,822,5
771,868,32
750,873,5
702,37,25
754,852,22
773,839,40
782,866,5
754,863,24
752,876,15
765,847,37
720,813,9
750,877,23
731,822,10
724,826,2
731,852,30
784,842,13
744,815,26
775,856,9
782,895,19
725,885,3
722,862,38
714,854,21
742,886,17
704,53,35
755,818,16
701,95,18
703,33,15
712,871,11
730,829,15
716,846,1
795,822,6
781,827,29
704,86,3
734,813,34
714,847,34
701,66,12
701,56,24
707,17,21
762,836,8
700,75,4
743,823,7
744,852,40
747,853,4
731,813,38
747,893,7
784,897,9
722,856,38
714,825,36
701,47,26
720,852,1
751,852,12
734,836,6
742,875,15
734,807,24
752,867,13
734,842,25
720,853,3
731,826,1
770,825,36
744,813,34
750,845,25
776,867,7
773,826,12
742,807,39
772,875,12
755,865,11
762,806,28
721,851,14
787,881,20
702,16,18
790,829,13
705,85,6
764,886,36
791,842,4
767,813,33
713,833,36
780,821,27
707,72,31
750,812,2
732,814,31
774,813,32
744,892,19
762,845,20
720,823,19
735,888,6
744,818,15
741,843,8
717,841,13
746,806,10
757,845,16
702,26,32
751,857,29
796,867,32
710,842,3
701,24,14
756,867,2
711,877,32
751,866,2
760,893,16
747,896,17
724,868,37
704,11,12
711,847,3
722,815,33
751,831,32
763,817,3
700,36,5
734,812,28
741,854,38
787,863,27
705,28,15
752,867,21
770,883,3
750,872,2
772,838,21
741,882,1
787,866,3
717,816,31
701,27,16
741,854,9
747,825,33
771,887,5
734,807,4
742,892,15
730,889,19
715,872,30
762,858,20
731,822,14
756,897,18
747,889,38
717,851,10
752,856,30
772,803,37
792,807,15
787,881,18
707,87,2
710,862,34
757,843,24
721,837,20
797,864,10
704,46,10
772,822,18
760,891,35
793,836,17
712,884,5
772,845,17
777,872,30
780,845,7
740,863,30
735,857,26
781,825,35
725,859,29
722,847,19
772,895,12
760,892,9
780,886,23
707,83,9
780,827,22
701,801,89
705,26,33
774,811,12
760,814,7
763,826,10
701,65,21
730,893,27
752,823,21
705,23,25
722,877,37
701,91,32
721,806,3
710,837,39
757,837,10
701,82,31
777,837,39
793,872,15
753,837,16
746,873,23
707,73,30
722,823,9
770,867,8
722,826,4
760,898,12
726,866,6
750,821,39
720,813,28
744,883,37
737,817,10
780,812,23
704,56,17
712,876,30
791,885,25
727,893,1
704,86,21
781,837,34
715,812,17
770,838,16
704,89,7
742,837,15
700,35,39
746,886,34
754,826,23
755,867,4
761,803,37
743,825,25
720,843,2
742,843,15
716,836,33
770,816,38
771,885,4
782,855,34
784,877,17
760,812,24
712,847,1
767,891,40
771,873,16
754,812,31
732,864,36
713,827,15
767,857,20
723,855,22
721,847,18
797,818,13
775,852,35
791,819,32
767,862,30
747,853,18
701,87,1
724,866,6
781,882,40
774,851,22
760,813,8
744,894,11
744,866,12
732,839,30
722,812,11
702,23,1
717,859,38
770,882,32
763,895,36
740,842,6
745,843,34
771,886,40
777,805,23
744,854,7
727,862,3
780,872,32
742,863,1
741,852,22
761,853,20
743,809,17
724,858,28
714,826,17
700,87,36
723,838,11
725,833,30
712,866,39
752,892,31
700,68,5
724,817,19
770,837,9
777,876,39
780,858,21
720,842,2
770,853,14
742,812,18
741,817,1
715,861,20
722,838,1
772,813,20
754,892,13
731,892,2
754,886,31
727,872,38
784,861,38
754,836,2
761,845,29
772,867,27
747,849,29
780,806,9
784,876,7
796,839,8
703,37,8
732,854,39
744,881,19
713,805,13
742,853,30
721,872,19
741,865,23
740,819,2
900,901,5
903,906,31
900,904,4
904,905,14
900,907,12
904,906,21
901,902,15
904,907,34
901,903,33
905,902,5
901,907,16
905,906,40
902,903,23
907,905,34
902,906,18
907,902,12
902,908,28
906,909,13
910,911,2
913,916,22
910,914,7
914,915,15
910,917,18
914,916,37
911,912,17
914,917,32
911,913,35
915,912,16
911,917,38
915,916,40
912,913,26
917,915,30
912,916,40
917,912,35
912,918,23
916,919,1
900,913,7
904,915,3
904,917,25
901,912,23
902,914,22
901,912,36
905,916,24
905,916,18
900,919,36
903,913,31
903,917,34
900,913,24
902,919,7
901,915,35
900,919,38
904,915,19
904,911,14
906,916,9
901,914,16
900,912,4
900,916,12
900,912,33
907,915,14
905,913,17
901,914,36
907,912,27
902,913,13
901,912,33
904,916,14
904,917,16
920,921,30
923,926,30
920,924,31
924,925,17
920,927,29
924,926,40
921,922,5
924,927,19
921,923,20
925,922,14
921,927,36
925,926,7
922,923,30
927,925,25
922,926,36
927,922,34
922,928,18
926,929,34
916,926,7
914,925,30
914,923,24
914,927,28
912,929,13
915,921,8
915,926,20
912,927,12
911,926,6
917,928,22
912,922,5
913,925,12
915,926,25
915,926,17
911,921,21
912,926,16
915,923,39
917,927,27
914,924,28
917,927,6
914,923,33
917,926,35
913,926,36
912,924,35
912,929,33
915,926,4
910,927,33
910,929,24
916,927,17
913,923,13
930,931,36
933,936,11
930,934,37
934,935,4
930,937,1
934,936,9
931,932,24
934,937,5
931,933,4
935,932,13
931,937,40
935,936,16
932,933,37
937,935,26
932,936,12
937,932,17
932,938,27
936,939,30
922,936,11
920,931,37
927,933,17
926,936,32
925,936,20
922,937,40
925,939,30
927,936,21
924,934,27
922,937,4
922,937,6
920,936,20
927,937,11
921,932,34
923,936,32
924,939,23
923,938,32
921,932,30
920,935,17
926,937,27
922,934,15
923,933,6
922,935,10
922,932,32
920,936,8
927,936,19
926,938,37
922,934,40
923,937,4
924,937,35
940,941,38
943,946,28
940,944,28
944,945,23
940,947,4
944,946,18
941,942,2
944,947,21
941,943,38
945,942,37
941,947,25
945,946,20
942,943,15
947,945,40
942,946,36
947,942,8
942,948,13
946,949,34
934,945,8
935,943,29
934,945,36
935,944,10
937,942,4
932,947,37
930,947,39
932,947,29
932,947,1
931,942,36
932,943,36
930,946,22
935,943,15
934,946,38
930,945,30
934,949,14
932,943,21
934,942,11
932,942,23
935,946,19
932,944,22
934,949,25
932,943,6
932,947,15
936,942,35
931,945,2
931,946,7
935,942,13
937,945,36
931,941,31
950,951,30
953,956,2
950,954,14
954,955,31
950,957,1
954,956,29
951,952,4
954,957,27
951,953,31
955,952,36
951,957,9
955,956,4
952,953,40
957,955,24
952,956,22
957,952,21
952,958,1
956,959,35
941,953,13
942,957,26
944,958,4
944,951,18
940,953,21
944,956,38
944,957,10
943,956,6
945,954,32
942,956,15
940,959,2
944,959,16
941,953,34
947,952,24
943,956,39
942,952,14
945,953,1
944,953,11
940,957,1
940,953,29
947,954,33
947,953,17
943,957,40
946,953,32
947,952,1
947,953,18
941,956,17
945,951,15
946,956,24
944,952,7
960,961,24
963,966,7
960,964,17
964,965,22
960,967,24
964,966,4
961,962,1
964,967,27
961,963,21
965,962,20
961,967,6
965,966,4
962,963,15
967,965,35
962,966,35
967,962,6
962,968,34
966,969,38
957,967,21
952,965,1
950,966,39
954,966,37
955,968,14
956,962,14
957,968,37
952,966,33
951,962,38
954,962,40
951,965,3
950,962,25
951,966,14
955,968,9
952,965,27
957,965,8
954,967,24
951,961,13
952,969,15
957,967,5
952,968,40
954,963,35
954,969,4
957,966,22
950,962,37
957,966,21
955,963,9
956,962,32
956,961,15
950,965,8
970,971,2
973,976,28
970,974,25
974,975,34
970,977,15
974,976,24
971,972,26
974,977,11
971,973,6
975,972,19
971,977,2
975,976,11
972,973,11
977,975,37
972,976,13
977,972,26
972,978,11
976,979,19
960,972,26
966,976,28
964,976,36
965,971,31
961,978,30
961,975,7
962,972,34
967,977,4
964,975,11
961,978,36
962,976,24
961,978,19
965,976,13
967,972,9
960,975,5
960,972,31
960,979,39
960,977,36
961,977,31
963,972,10
967,976,30
967,975,30
962,972,23
962,976,16
967,977,23
960,975,24
964,978,37
963,972,19
966,976,4
964,976,15
980,981,12
983,986,7
980,984,36
984,985,21
980,987,39
984,986,10
981,982,27
984,987,35
981,983,10
985,982,36
981,987,28
985,986,27
982,983,33
987,985,1
982,986,26
987,982,40
982,988,36
986,989,3
975,987,31
971,986,34
971,987,18
977,982,28
972,986,26
971,987,40
972,985,12
971,985,35
974,985,38
971,981,27
972,985,18
971,987,34
972,986,35
973,987,10
976,982,21
970,986,36
977,983,22
974,989,34
973,983,10
972,981,10
972,986,28
972,982,11
976,982,32
970,986,1
971,986,16
972,982,26
970,982,28
975,981,16
972,985,32
972,986,25
990,991,38
993,996,11
990,994,38
994,995,18
990,997,32
994,996,8
991,992,20
994,997,4
991,993,32
995,992,36
991,997,27
995,996,19
992,993,40
997,995,19
992,996,26
997,992,21
992,998,13
996,999,35
984,999,40
984,997,29
980,995,28
981,993,36
980,996,26
987,997,16
984,992,40
980,999,32
984,994,5
980,996,3
984,998,34
980,993,34
982,993,32
981,995,38
980,996,40
982,997,24
981,992,15
980,991,4
987,992,10
980,997,13
981,996,30
984,993,40
982,994,28
981,992,15
982,994,29
982,999,5
984,996,12
987,992,16
984,993,12
987,992,40
841,921,9
855,925,11
867,912,25
847,941,11
852,972,15
830,936,6
862,995,4
860,926,10
802,25,34
824,962,6
806,69,27
882,999,17
821,918,30
801,75,8
884,968,21
841,945,2
825,919,16
835,948,24
857,952,16
846,946,2
874,902,27
824,976,2
825,985,21
815,972,8
882,957,28
857,956,10
804,42,2
800,42,38
852,926,8
832,926,40
872,926,22
862,939,12
846,926,4
820,959,6
802,66,36
840,916,15
815,914,23
856,987,21
800,46,21
862,913,11
867,912,24
865,914,25
854,948,16
835,949,37
816,975,11
816,953,32
832,964,26
871,952,35
802,55,14
871,986,13
872,963,37
850,915,4
883,976,28
867,926,6
880,927,20
816,965,15
800,85,11
884,965,38
850,975,4
856,926,34
864,942,16
863,972,31
872,992,38
825,966,12
853,934,27
801,15,31
864,975,19
834,907,19
800,63,2
840,915,38
835,995,2
811,959,32
831,981,2
837,989,6
816,968,28
872,945,26
851,995,34
802,81,15
817,932,5
845,973,11
841,936,12
897,966,4
834,956,35
834,976,38
845,945,9
840,953,4
804,76,23
800,79,18
815,992,3
814,988,32
880,986,30
830,968,39
820,932,7
860,952,5
810,921,23
804,93,36
824,956,28
882,993,20
832,907,33
856,922,39
882,982,14
805,87,35
807,89,25
862,953,30
882,927,8
881,916,10
853,954,9
814,976,31
823,911,37
857,985,37
873,942,2
817,982,2
850,949,35
815,982,10
804,33,10
875,942,1
884,937,27
850,992,23
816,924,21
804,12,4
802,23,17
884,958,6
872,956,27
816,953,9
874,963,11
871,911,39
894,993,30
887,952,27
857,942,11
804,36,26
802,26,3
872,927,34
862,967,1
852,981,40
844,966,10
884,913,6
895,972,16
821,959,39
891,934,26
880,954,33
891,949,26
881,914,36
823,977,25
812,986,16
825,968,22
862,943,9
884,973,38
812,959,9
832,916,25
864,913,15
844,927,17
801,87,18
844,957,11
854,942,3
865,993,28
822,915,27
872,976,31
814,993,5
861,972,25
892,962,21
872,963,37
856,981,25
880,904,33
882,933,30
827,926,16
887,953,34
871,978,20
820,972,31
864,935,6
837,926,13
837,936,11
877,996,21
867,953,14
822,952,40
887,927,33
843,975,40
880,916,6
847,983,12
850,972,8
830,987,8
867,962,25
880,962,16
870,966,30
862,994,18
832,992,36
854,983,24
871,926,12
890,915,11
862,966,9
875,951,2
854,993,17
834,911,31
887,954,33
803,92,10
863,996,24
821,944,3
866,962,14
864,918,33
856,956,31
814,992,40
832,977,16
896,937,24
876,994,27
834,942,5
811,915,36
857,965,18
860,993,19
884,985,40
891,944,26
825,903,21
816,915,12
872,947,29
892,912,36
841,913,21
815,976,36
851,997,38
832,938,27
800,63,32
815,947,15
880,953,22
822,923,38
844,963,23
853,929,5
820,967,30
811,956,36
894,968,28
835,968,6
857,902,38
872,997,26
835,957,9
857,962,37
826,942,23
870,994,14
815,919,37
825,932,35
837,931,28
844,944,13
877,907,37
880,968,15
881,943,28
871,965,13
822,956,8
830,996,15
841,961,13
854,953,6
872,965,13
861,999,18
851,902,27
827,923,12
840,972,14
801,77,35
827,937,36
844,947,14
831,914,19
817,981,1
822,993,16
870,929,15
857,957,40
881,968,19
800,86,26
836,946,31
815,993,14
842,949,17
864,927,31
857,921,14
865,985,11
801,81,7
866,947,26
887,982,36
895,973,29
813,926,22
860,986,8
842,931,29
820,924,7
884,959,12
890,962,24
840,983,10
872,956,37
834,957,1
871,921,40
834,974,5
854,919,28
872,929,27
882,977,9
860,966,17
800,72,3
884,947,34
854,915,12
844,942,14
831,926,33
891,975,9
871,923,40
810,986,14
815,989,25
832,972,13
860,987,30
872,976,15
832,999,24
814,975,23
870,989,35
