0,1,34
3,6,18
0,4,1
4,5,18
0,7,26
4,6,18
1,2,4
4,7,34
1,3,29
5,2,12
1,7,12
5,6,11
2,3,37
7,5,11
2,6,17
7,2,20
2,8,36
6,9,25
10,11,11
13,16,2
10,14,33
14,15,11
10,17,21
14,16,20
11,12,21
14,17,2
11,13,10
15,12,36
11,17,40
15,16,34
12,13,32
17,15,26
12,16,9
17,12,16
12,18,36
16,19,32
4,15,3
0,16,39
2,13,40
5,15,29
1,17,1
7,16,19
5,17,1
7,15,23
0,17,24
4,12,12
1,12,20
2,17,10
1,17,26
5,16,36
5,15,21
5,15,30
2,16,4
2,16,20
2,17,25
4,13,4
0,13,11
4,16,8
2,16,29
4,15,31
7,15,15
6,14,39
3,13,16
7,17,22
5,18,10
1,16,33
20,21,37
23,26,37
20,24,18
24,25,38
20,27,4
24,26,5
21,22,15
24,27,25
21,23,28
25,22,20
21,27,23
25,26,18
22,23,1
27,25,26
22,26,22
27,22,23
22,28,36
26,29,24
14,26,1
15,29,2
14,27,5
13,27,2
12,22,15
12,23,27
12,27,36
13,21,13
14,25,9
14,22,11
11,26,34
15,26,18
11,23,6
15,24,14
12,22,18
13,23,11
11,23,20
13,26,11
17,22,6
15,21,3
12,28,27
12,21,17
11,26,1
11,28,38
14,24,16
12,22,1
10,27,15
11,25,12
12,22,22
11,24,22
30,31,37
33,36,20
30,34,10
34,35,31
30,37,25
34,36,18
31,32,32
34,37,8
31,33,20
35,32,18
31,37,21
35,36,40
32,33,1
37,35,36
32,36,37
37,32,33
32,38,15
36,39,9
22,37,26
21,32,37
27,38,40
20,32,3
20,31,31
24,35,40
22,33,3
23,32,37
23,32,40
25,33,3
21,37,38
20,39,3
20,37,3
22,33,24
24,36,4
22,37,21
22,36,14
26,35,35
25,36,37
21,35,19
27,35,3
20,33,7
21,37,32
20,33,6
25,36,14
24,32,11
20,32,31
23,36,38
25,32,34
24,32,16
40,41,1
43,46,25
40,44,6
44,45,13
40,47,36
44,46,9
41,42,10
44,47,23
41,43,18
45,42,25
41,47,28
45,46,28
42,43,31
47,45,40
42,46,32
47,42,27
42,48,22
46,49,40
31,46,35
32,42,26
37,44,14
32,43,27
34,43,29
34,44,11
35,42,6
34,42,25
34,46,33
31,46,2
31,41,4
30,46,27
34,46,27
34,46,8
32,45,6
31,47,23
35,47,19
31,47,11
30,45,27
30,45,31
34,44,20
36,47,5
32,41,20
32,41,20
32,48,7
32,48,14
36,47,10
30,42,9
32,43,2
35,43,21
50,51,16
53,56,28
50,54,16
54,55,13
50,57,40
54,56,26
51,52,19
54,57,7
51,53,37
55,52,5
51,57,15
55,56,35
52,53,4
57,55,7
52,56,11
57,52,10
52,58,7
56,59,2
40,53,36
40,52,11
47,57,13
43,51,28
42,52,19
44,59,31
40,57,16
42,54,22
44,53,21
40,57,9
41,56,29
47,57,5
40,56,21
42,55,11
42,56,15
44,56,34
46,54,17
47,54,40
40,59,35
43,58,24
46,56,23
41,52,1
41,57,28
45,52,1
45,56,20
41,58,28
44,57,1
42,51,9
47,59,21
40,56,18
60,61,16
63,66,27
60,64,24
64,65,18
60,67,28
64,66,6
61,62,32
64,67,40
61,63,11
65,62,2
61,67,2
65,66,33
62,63,18
67,65,11
62,66,25
67,62,13
62,68,39
66,69,19
50,66,25
52,66,38
55,67,38
52,65,20
51,63,35
57,62,12
55,66,7
55,69,17
52,63,35
54,65,3
50,67,16
50,64,29
51,63,25
52,65,8
54,66,9
56,61,16
55,62,23
55,66,19
54,62,40
51,67,23
57,63,19
55,63,27
50,65,15
51,69,20
50,68,30
50,69,33
50,67,2
52,67,14
54,66,11
54,65,1
70,71,40
73,76,1
70,74,6
74,75,29
70,77,31
74,76,36
71,72,25
74,77,38
71,73,34
75,72,22
71,77,13
75,76,11
72,73,17
77,75,17
72,76,35
77,72,25
72,78,33
76,79,25
67,76,38
61,76,17
62,77,25
64,71,28
62,74,34
61,76,29
62,76,25
60,76,12
60,77,25
63,72,19
61,78,27
60,72,2
62,77,20
64,77,25
61,78,3
62,76,11
62,79,12
64,77,18
65,78,21
62,75,31
62,73,40
62,78,16
65,76,33
66,76,32
66,75,27
63,76,34
66,73,38
67,76,37
64,77,26
62,76,7
80,81,40
83,86,28
80,84,24
84,85,38
80,87,28
84,86,15
81,82,38
84,87,18
81,83,11
85,82,6
81,87,7
85,86,4
82,83,27
87,85,14
82,86,7
87,82,38
82,88,12
86,89,6
76,86,33
76,86,23
73,81,16
74,87,3
77,86,38
71,87,38
74,82,28
77,82,12
71,82,29
74,82,13
71,88,25
75,88,12
70,88,10
72,86,5
72,87,26
71,81,23
71,89,30
71,86,3
74,86,8
73,84,37
76,87,4
74,86,22
71,86,10
70,86,39
74,85,33
77,82,19
77,84,6
73,85,7
72,83,6
74,83,29
90,91,20
93,96,20
90,94,1
94,95,34
90,97,17
94,96,9
91,92,26
94,97,25
91,93,21
95,92,14
91,97,30
95,96,6
92,93,37
97,95,40
92,96,24
97,92,23
92,98,24
96,99,29
82,95,20
85,96,28
84,96,38
86,93,25
82,92,37
80,96,18
82,95,33
82,92,32
82,96,6
80,92,18
85,92,14
80,97,23
84,97,40
80,96,25
84,97,5
81,93,2
81,96,15
87,97,16
85,97,26
85,92,21
84,91,36
82,99,33
86,96,5
84,96,38
81,93,36
84,99,15
80,96,18
80,93,4
80,96,39
83,92,5
100,101,8
103,106,21
100,104,27
104,105,38
100,107,20
104,106,7
101,102,26
104,107,38
101,103,8
105,102,31
101,107,28
105,106,40
102,103,37
107,105,28
102,106,26
107,102,2
102,108,37
106,109,35
110,111,5
113,116,17
110,114,5
114,115,11
110,117,23
114,116,34
111,112,9
114,117,12
111,113,6
115,112,11
111,117,18
115,116,25
112,113,5
117,115,11
112,116,33
117,112,38
112,118,23
116,119,38
104,115,6
100,116,34
102,113,5
105,115,12
101,117,14
107,116,22
105,117,18
107,115,37
100,117,14
104,112,36
101,112,16
102,117,5
101,117,5
105,116,2
105,115,15
105,115,38
102,116,39
102,116,11
102,117,32
104,113,35
100,113,36
104,116,28
102,116,16
104,115,7
107,115,40
106,114,2
103,113,37
107,117,24
105,118,5
101,116,17
120,121,4
123,126,27
120,124,4
124,125,3
120,127,25
124,126,25
121,122,36
124,127,21
121,123,39
125,122,22
121,127,34
125,126,11
122,123,28
127,125,37
122,126,36
127,122,37
122,128,17
126,129,8
114,126,24
115,129,6
114,127,21
113,127,18
112,122,16
112,123,6
112,127,23
113,121,2
114,125,4
114,122,6
111,126,21
115,126,14
111,123,2
115,124,17
112,122,32
113,123,8
111,123,24
113,126,15
117,122,23
115,121,5
112,128,38
112,121,35
111,126,25
111,128,40
114,124,1
112,122,36
110,127,18
111,125,13
112,122,6
111,124,40
130,131,40
133,136,39
130,134,24
134,135,25
130,137,9
134,136,28
131,132,40
134,137,25
131,133,40
135,132,20
131,137,5
135,136,28
132,133,34
137,135,3
132,136,25
137,132,32
132,138,21
136,139,1
122,137,25
121,132,20
127,138,28
120,132,28
120,131,24
124,135,20
122,133,6
123,132,4
123,132,7
125,133,4
121,137,29
120,139,35
120,137,13
122,133,5
124,136,40
122,137,4
122,136,6
126,135,29
125,136,18
121,135,8
127,135,35
120,133,32
121,137,21
120,133,1
125,136,11
124,132,36
120,132,12
123,136,38
125,132,29
124,132,16
140,141,29
143,146,39
140,144,28
144,145,16
140,147,21
144,146,35
141,142,25
144,147,25
141,143,31
145,142,16
141,147,31
145,146,38
142,143,26
147,145,7
142,146,38
147,142,6
142,148,21
146,149,34
131,146,6
132,142,5
137,144,38
132,143,27
134,143,10
134,144,18
135,142,25
134,142,5
134,146,12
131,146,39
131,141,33
130,146,6
134,146,37
134,146,22
132,145,11
131,147,1
135,147,10
131,147,31
130,145,19
130,145,28
134,144,18
136,147,29
132,141,8
132,141,20
132,148,29
132,148,19
136,147,22
130,142,23
132,143,40
135,143,37
150,151,28
153,156,34
150,154,15
154,155,34
150,157,24
154,156,1
151,152,13
154,157,11
151,153,14
155,152,15
151,157,13
155,156,29
152,153,23
157,155,14
152,156,8
157,152,39
152,158,18
156,159,1
140,153,24
140,152,8
147,157,1
143,151,18
142,152,39
144,159,39
140,157,12
142,154,18
144,153,28
140,157,19
141,156,6
147,157,16
140,156,30
142,155,12
142,156,2
144,156,2
146,154,35
147,154,28
140,159,1
143,158,38
146,156,21
141,152,24
141,157,33
145,152,23
145,156,7
141,158,38
144,157,34
142,151,27
147,159,9
140,156,9
160,161,24
163,166,33
160,164,34
164,165,20
160,167,16
164,166,24
161,162,26
164,167,32
161,163,37
165,162,39
161,167,14
165,166,33
162,163,7
167,165,20
162,166,19
167,162,26
162,168,15
166,169,1
150,166,13
152,166,37
155,167,35
152,165,21
151,163,6
157,162,1
155,166,14
155,169,23
152,163,20
154,165,22
150,167,29
150,164,5
151,163,2
152,165,38
154,166,38
156,161,27
155,162,11
155,166,2
154,162,6
151,167,35
157,163,6
155,163,40
150,165,12
151,169,19
150,168,33
150,169,39
150,167,15
152,167,10
154,166,22
154,165,12
170,171,29
173,176,4
170,174,2
174,175,33
170,177,18
174,176,29
171,172,27
174,177,15
171,173,8
175,172,24
171,177,17
175,176,28
172,173,29
177,175,35
172,176,8
177,172,9
172,178,3
176,179,15
167,176,38
161,176,25
162,177,29
164,171,21
162,174,40
161,176,1
162,176,3
160,176,33
160,177,35
163,172,15
161,178,27
160,172,28
162,177,27
164,177,40
161,178,26
162,176,24
162,179,23
164,177,39
165,178,1
162,175,2
162,173,5
162,178,30
165,176,24
166,176,13
166,175,21
163,176,35
166,173,23
167,176,32
164,177,25
162,176,20
180,181,31
183,186,2
180,184,11
184,185,19
180,187,27
184,186,13
181,182,39
184,187,26
181,183,26
185,182,40
181,187,35
185,186,35
182,183,21
187,185,11
182,186,29
187,182,4
182,188,12
186,189,19
176,186,17
176,186,4
173,181,26
174,187,7
177,186,20
171,187,23
174,182,23
177,182,29
171,182,39
174,182,11
171,188,12
175,188,1
170,188,16
172,186,17
172,187,38
171,181,19
171,189,17
171,186,20
174,186,10
173,184,6
176,187,16
174,186,26
171,186,4
170,186,24
174,185,5
177,182,29
177,184,19
173,185,29
172,183,14
174,183,32
190,191,26
193,196,14
190,194,39
194,195,36
190,197,32
194,196,9
191,192,38
194,197,3
191,193,2
195,192,19
191,197,7
195,196,2
192,193,32
197,195,11
192,196,11
197,192,21
192,198,24
196,199,35
182,195,28
185,196,19
184,196,32
186,193,19
182,192,12
180,196,28
182,195,16
182,192,5
182,196,33
180,192,6
185,192,6
180,197,24
184,197,38
180,196,27
184,197,18
181,193,1
181,196,16
187,197,27
185,197,22
185,192,14
184,191,24
182,199,28
186,196,8
184,196,16
181,193,39
184,199,8
180,196,36
180,193,29
180,196,1
183,192,24
21,141,37
32,166,19
54,192,38
65,153,31
35,173,31
75,166,30
40,194,14
40,176,25
80,193,6
34,186,20
14,137,24
72,184,37
25,181,40
41,192,6
64,187,23
22,188,26
95,178,19
42,101,14
5,162,26
24,176,20
64,127,36
76,192,9
64,162,16
5,188,35
55,133,14
4,125,4
82,151,12
61,156,36
80,148,33
72,108,17
42,135,24
50,125,22
34,142,37
84,186,9
25,176,14
61,116,17
24,186,29
20,156,30
76,152,40
42,126,29
83,166,1
64,197,25
52,122,14
11,175,15
11,175,9
55,132,35
82,135,4
71,102,18
40,186,31
92,147,24
31,106,36
20,165,23
76,146,25
81,141,28
32,166,32
84,132,27
41,177,18
34,116,31
37,117,37
5,162,26
20,182,3
84,177,14
32,111,19
41,197,27
64,133,35
26,172,2
80,157,5
34,121,15
21,116,28
80,116,4
71,183,25
46,117,7
61,102,38
10,178,32
0,132,9
47,199,12
14,195,31
40,113,25
62,165,31
52,126,22
4,194,20
14,137,18
67,146,18
34,177,27
20,135,9
82,156,2
34,145,5
73,167,5
24,128,26
65,197,36
12,115,14
54,162,28
2,125,20
34,176,12
5,118,5
3,178,15
55,138,2
76,136,27
84,104,30
30,123,18
42,107,21
44,161,15
71,119,31
31,186,35
72,156,4
40,137,13
26,176,28
57,162,3
11,117,13
35,143,38
30,124,31
62,161,27
53,192,4
82,126,1
61,157,14
24,146,31
1,177,15
61,176,31
47,116,36
31,199,12
42,116,38
25,186,24
43,165,20
6,115,26
52,165,33
0,186,18
7,142,30
84,125,28
34,169,22
30,184,40
14,188,34
52,173,32
71,171,36
1,177,39
11,167,29
40,173,4
23,111,3
47,107,23
30,166,9
92,117,33
24,122,15
57,117,23
62,159,29
22,115,34
80,145,26
75,157,4
15,138,17
54,133,25
65,177,21
0,176,39
24,152,27
43,192,4
4,168,29
22,116,21
40,184,21
51,171,38
4,186,34
40,109,23
74,156,17
67,182,4
5,193,10
84,173,6
32,185,39
11,116,11
11,154,4
1,126,26
84,142,18
40,145,32
41,183,12
77,165,6
80,192,30
46,173,2
1,197,21
44,147,39
25,168,37
31,113,25
41,165,15
31,171,27
52,136,26
75,174,20
54,136,4
14,127,39
3,127,1
61,163,16
64,123,30
13,176,6
51,196,4
10,156,34
80,153,2
3,143,6
94,124,26
14,159,24
40,132,3
32,176,23
64,163,20
70,196,35
35,106,26
70,196,33
64,187,12
71,129,29
84,156,5
66,177,21
7,166,7
72,195,28
13,112,25
57,129,1
50,118,7
91,163,11
31,132,24
55,112,26
80,125,16
43,117,22
65,176,2
20,192,19
13,186,37
65,175,36
21,107,5
43,139,17
31,186,32
80,126,30
97,179,16
53,121,18
77,171,33
84,197,29
10,154,38
52,192,21
70,147,8
62,193,12
2,142,12
84,112,3
85,196,19
95,199,15
1,186,32
7,189,12
2,176,16
50,186,22
52,183,21
36,192,7
45,196,9
62,194,2
40,109,37
54,176,13
40,182,10
12,107,1
5,117,22
54,116,37
4,152,12
54,176,4
41,141,39
4,116,18
64,113,34
22,123,27
62,134,8
32,151,34
91,187,1
43,195,27
55,199,10
12,193,22
11,116,9
67,114,40
27,192,22
70,151,8
84,132,7
71,132,9
24,129,26
76,153,22
44,163,35
77,115,32
21,141,4
31,186,10
50,124,9
62,145,26
35,173,31
70,113,17
84,113,21
86,116,9
52,196,33
96,136,40
94,157,5
65,169,37
4,197,15
20,142,5
32,158,15
61,117,33
54,122,34
63,158,22
57,188,5
32,122,39
22,159,33
12,188,30
80,155,3
34,136,11
10,127,8
40,165,31
27,122,18
12,175,28
63,147,33
50,117,30
51,178,16
20,136,13
200,201,31
203,206,24
200,204,20
204,205,26
200,207,32
204,206,28
201,202,5
204,207,36
201,203,14
205,202,40
201,207,37
205,206,25
202,203,39
207,205,24
202,206,8
207,202,13
202,208,35
206,209,9
210,211,5
213,216,32
210,214,9
214,215,25
210,217,15
214,216,34
211,212,9
214,217,37
211,213,26
215,212,33
211,217,37
215,216,10
212,213,3
217,215,5
212,216,6
217,212,31
212,218,13
216,219,23
204,215,40
200,216,38
202,213,33
205,215,22
201,217,18
207,216,28
205,217,13
207,215,30
200,217,40
204,212,2
201,212,21
202,217,39
201,217,29
205,216,12
205,215,11
205,215,15
202,216,36
202,216,29
202,217,34
204,213,11
200,213,25
204,216,12
202,216,23
204,215,11
207,215,3
206,214,24
203,213,18
207,217,33
205,218,10
201,216,15
220,221,2
223,226,39
220,224,5
224,225,30
220,227,30
224,226,29
221,222,3
224,227,8
221,223,15
225,222,21
221,227,18
225,226,10
222,223,26
227,225,26
222,226,4
227,222,12
222,228,7
226,229,40
214,226,1
215,229,33
214,227,27
213,227,20
212,222,32
212,223,11
212,227,24
213,221,7
214,225,35
214,222,39
211,226,40
215,226,10
211,223,31
215,224,4
212,222,32
213,223,1
211,223,31
213,226,13
217,222,32
215,221,8
212,228,12
212,221,1
211,226,40
211,228,21
214,224,9
212,222,25
210,227,14
211,225,15
212,222,20
211,224,33
230,231,34
233,236,22
230,234,13
234,235,4
230,237,20
234,236,37
231,232,3
234,237,11
231,233,34
235,232,13
231,237,27
235,236,2
232,233,28
237,235,26
232,236,6
237,232,8
232,238,8
236,239,34
222,237,8
221,232,10
227,238,33
220,232,5
220,231,31
224,235,3
222,233,30
223,232,18
223,232,3
225,233,25
221,237,1
220,239,9
220,237,38
222,233,13
224,236,35
222,237,30
222,236,33
226,235,4
225,236,32
221,235,38
227,235,25
220,233,25
221,237,23
220,233,19
225,236,8
224,232,33
220,232,17
223,236,7
225,232,14
224,232,4
240,241,20
243,246,24
240,244,8
244,245,1
240,247,36
244,246,30
241,242,11
244,247,16
241,243,7
245,242,13
241,247,22
245,246,21
242,243,6
247,245,18
242,246,33
247,242,26
242,248,13
246,249,28
231,246,33
232,242,24
237,244,34
232,243,31
234,243,9
234,244,39
235,242,14
234,242,36
234,246,7
231,246,12
231,241,38
230,246,2
234,246,39
234,246,5
232,245,34
231,247,11
235,247,1
231,247,40
230,245,27
230,245,20
234,244,30
236,247,15
232,241,2
232,241,37
232,248,38
232,248,3
236,247,23
230,242,28
232,243,14
235,243,24
250,251,39
253,256,38
250,254,39
254,255,32
250,257,10
254,256,35
251,252,2
254,257,14
251,253,40
255,252,32
251,257,29
255,256,35
252,253,4
257,255,33
252,256,39
257,252,30
252,258,31
256,259,23
240,253,23
240,252,8
247,257,14
243,251,29
242,252,35
244,259,31
240,257,6
242,254,35
244,253,32
240,257,38
241,256,30
247,257,31
240,256,20
242,255,7
242,256,39
244,256,26
246,254,35
247,254,6
240,259,6
243,258,38
246,256,21
241,252,15
241,257,32
245,252,11
245,256,4
241,258,37
244,257,13
242,251,3
247,259,22
240,256,20
260,261,23
263,266,14
260,264,35
264,265,23
260,267,11
264,266,6
261,262,30
264,267,36
261,263,13
265,262,13
261,267,15
265,266,2
262,263,16
267,265,39
262,266,38
267,262,37
262,268,4
266,269,18
250,266,23
252,266,8
255,267,29
252,265,36
251,263,15
257,262,7
255,266,34
255,269,15
252,263,35
254,265,24
250,267,20
250,264,29
251,263,28
252,265,20
254,266,40
256,261,6
255,262,13
255,266,13
254,262,26
251,267,39
257,263,29
255,263,14
250,265,37
251,269,8
250,268,29
250,269,1
250,267,23
252,267,20
254,266,9
254,265,3
270,271,38
273,276,8
270,274,24
274,275,38
270,277,4
274,276,6
271,272,29
274,277,32
271,273,2
275,272,19
271,277,8
275,276,1
272,273,10
277,275,28
272,276,10
277,272,2
272,278,11
276,279,34
267,276,20
261,276,35
262,277,25
264,271,17
262,274,13
261,276,3
262,276,37
260,276,37
260,277,33
263,272,23
261,278,15
260,272,34
262,277,10
264,277,4
261,278,33
262,276,2
262,279,39
264,277,30
265,278,40
262,275,20
262,273,37
262,278,16
265,276,30
266,276,27
266,275,38
263,276,8
266,273,40
267,276,9
264,277,16
262,276,3
280,281,38
283,286,38
280,284,24
284,285,12
280,287,32
284,286,22
281,282,29
284,287,4
281,283,1
285,282,32
281,287,12
285,286,33
282,283,7
287,285,14
282,286,1
287,282,27
282,288,19
286,289,6
276,286,35
276,286,1
273,281,23
274,287,1
277,286,26
271,287,20
274,282,26
277,282,23
271,282,23
274,282,40
271,288,18
275,288,38
270,288,2
272,286,21
272,287,22
271,281,7
271,289,17
271,286,16
274,286,5
273,284,40
276,287,36
274,286,2
271,286,34
270,286,1
274,285,19
277,282,28
277,284,2
273,285,23
272,283,26
274,283,9
290,291,11
293,296,3
290,294,1
294,295,7
290,297,26
294,296,22
291,292,40
294,297,9
291,293,14
295,292,24
291,297,36
295,296,21
292,293,13
297,295,9
292,296,21
297,292,34
292,298,3
296,299,25
282,295,27
285,296,12
284,296,12
286,293,34
282,292,18
280,296,23
282,295,7
282,292,35
282,296,1
280,292,2
285,292,11
280,297,36
284,297,8
280,296,39
284,297,27
281,293,36
281,296,25
287,297,5
285,297,40
285,292,34
284,291,10
282,299,28
286,296,23
284,296,26
281,293,31
284,299,23
280,296,39
280,293,14
280,296,17
283,292,28
171,222,15
123,242,8
135,224,2
184,297,5
151,212,18
184,274,4
192,256,38
136,216,17
147,248,4
141,276,9
150,285,31
177,206,20
181,215,30
132,227,22
131,296,30
100,76,11
124,216,5
125,296,5
142,276,38
132,258,23
151,235,22
164,256,39
120,277,1
185,257,11
144,282,30
170,276,37
164,297,15
134,268,39
194,206,29
155,255,23
124,229,26
125,205,28
167,213,12
177,286,27
182,214,12
122,207,12
186,288,15
132,266,24
120,264,20
165,282,9
102,18,33
141,286,34
182,233,31
112,257,29
111,277,35
174,274,6
177,263,4
101,81,31
187,236,29
195,275,33
130,285,10
131,287,24
166,285,12
157,227,36
113,246,24
187,217,22
155,247,23
120,276,12
175,238,29
100,51,22
184,257,18
125,227,12
114,295,14
152,257,26
184,211,7
102,45,32
174,296,25
166,276,30
162,232,38
107,66,39
131,298,4
111,288,15
161,276,9
171,276,18
172,263,17
140,276,24
164,297,16
162,254,29
192,216,8
132,266,35
142,227,32
154,217,4
134,213,23
177,225,28
160,273,9
136,275,1
121,244,1
102,38,1
185,277,1
154,235,34
154,236,6
112,262,14
180,269,5
157,213,19
121,248,18
124,256,27
145,256,17
121,285,20
156,217,4
154,298,24
110,297,33
136,281,38
180,255,40
140,287,6
120,258,10
141,226,12
162,257,30
124,227,17
186,264,36
102,17,30
100,59,20
170,243,38
194,263,36
133,215,9
142,238,36
152,273,16
111,295,20
174,264,2
104,37,26
184,217,7
186,217,15
137,247,31
105,93,15
165,248,6
184,269,18
161,232,38
122,265,14
184,278,32
182,277,25
102,47,36
113,286,21
100,77,15
181,236,24
121,203,36
157,226,33
167,232,15
102,67,20
104,95,33
102,15,33
160,245,26
185,297,8
164,297,8
102,28,9
113,215,29
151,245,20
111,285,26
176,259,11
197,206,28
124,289,39
120,273,24
105,42,38
170,226,24
132,243,7
194,276,40
182,247,38
116,293,39
165,206,6
127,269,26
132,284,23
167,262,3
134,217,20
147,299,6
151,216,5
191,276,21
196,266,36
121,287,15
150,293,22
180,249,18
141,273,5
110,268,22
157,216,40
196,287,14
140,267,31
126,217,36
177,296,38
102,96,27
172,246,23
136,286,19
105,38,12
151,279,25
172,255,6
155,227,20
121,252,19
154,258,30
114,293,31
162,282,27
106,93,33
181,248,6
180,209,18
151,276,6
103,95,27
132,267,13
176,226,34
184,278,18
132,252,4
170,227,40
112,295,33
174,254,19
154,297,2
140,256,21
127,242,31
116,228,11
182,299,28
103,207,227
142,205,10
122,296,25
120,286,35
161,276,10
184,251,24
131,242,37
121,217,7
174,246,17
160,214,2
164,242,15
164,276,26
103,81,4
135,224,22
151,257,25
176,275,36
140,256,30
120,286,21
101,27,36
120,228,40
125,223,23
182,269,2
140,251,36
120,238,4
110,243,39
162,224,5
161,277,32
187,255,7
163,276,3
150,241,30
150,262,27
147,228,38
152,276,36
111,272,16
184,266,37
161,277,21
126,256,3
131,266,15
181,272,27
101,89,23
111,269,29
111,226,4
120,285,25
134,267,2
154,256,9
105,96,23
155,286,38
193,282,16
177,207,12
134,299,17
112,275,38
121,216,13
121,273,35
154,232,37
153,232,37
162,275,32
185,276,8
121,286,5
131,263,34
185,237,36
137,217,10
150,243,3
187,263,25
185,241,8
141,293,18
185,246,9
144,252,33
144,272,29
164,219,1
150,215,37
194,246,5
137,269,36
184,297,4
102,62,36
132,215,15
105,202,222
154,277,7
140,295,24
173,218,32
120,284,36
142,277,10
151,273,8
114,242,33
174,286,6
104,206,227
150,243,10
102,67,4
112,241,31
134,296,3
105,76,27
187,217,40
142,251,11
184,262,39
184,286,22
152,277,25
151,256,12
185,246,37
300,301,8
303,306,29
300,304,28
304,305,14
300,307,6
304,306,1
301,302,23
304,307,10
301,303,24
305,302,22
301,307,18
305,306,23
302,303,27
307,305,31
302,306,6
307,302,23
302,308,17
306,309,35
310,311,7
313,316,17
310,314,13
314,315,12
310,317,11
314,316,23
311,312,34
314,317,16
311,313,3
315,312,23
311,317,22
315,316,31
312,313,16
317,315,12
312,316,6
317,312,32
312,318,2
316,319,6
304,315,37
300,316,27
302,313,18
305,315,5
301,317,5
307,316,29
305,317,31
307,315,30
300,317,22
304,312,22
301,312,5
302,317,28
301,317,23
305,316,36
305,315,12
305,315,7
302,316,5
302,316,9
302,317,37
304,313,27
300,313,1
304,316,35
302,316,31
304,315,25
307,315,30
306,314,2
303,313,9
307,317,31
305,318,39
301,316,36
320,321,14
323,326,32
320,324,18
324,325,8
320,327,20
324,326,7
321,322,30
324,327,38
321,323,8
325,322,10
321,327,28
325,326,3
322,323,15
327,325,22
322,326,23
327,322,8
322,328,19
326,329,8
314,326,24
315,329,37
314,327,22
313,327,12
312,322,30
312,323,33
312,327,3
313,321,12
314,325,27
314,322,10
311,326,4
315,326,17
311,323,5
315,324,33
312,322,35
313,323,29
311,323,9
313,326,10
317,322,38
315,321,33
312,328,4
312,321,34
311,326,1
311,328,34
314,324,31
312,322,37
310,327,30
311,325,13
312,322,35
311,324,1
330,331,25
333,336,21
330,334,7
334,335,40
330,337,32
334,336,9
331,332,33
334,337,26
331,333,8
335,332,19
331,337,40
335,336,31
332,333,5
337,335,9
332,336,21
337,332,12
332,338,22
336,339,1
322,337,19
321,332,37
327,338,15
320,332,1
320,331,18
324,335,12
322,333,16
323,332,23
323,332,14
325,333,23
321,337,20
320,339,29
320,337,33
322,333,3
324,336,10
322,337,19
322,336,38
326,335,18
325,336,2
321,335,13
327,335,38
320,333,33
321,337,4
320,333,24
325,336,5
324,332,24
320,332,8
323,336,28
325,332,36
324,332,38
340,341,12
343,346,8
340,344,6
344,345,20
340,347,25
344,346,34
341,342,9
344,347,9
341,343,12
345,342,20
341,347,25
345,346,17
342,343,35
347,345,23
342,346,20
347,342,16
342,348,11
346,349,32
331,346,3
332,342,21
337,344,6
332,343,40
334,343,16
334,344,27
335,342,19
334,342,3
334,346,23
331,346,28
331,341,22
330,346,14
334,346,14
334,346,36
332,345,19
331,347,25
335,347,5
331,347,31
330,345,6
330,345,33
334,344,1
336,347,16
332,341,2
332,341,32
332,348,30
332,348,11
336,347,17
330,342,3
332,343,30
335,343,27
350,351,19
353,356,4
350,354,9
354,355,26
350,357,21
354,356,15
351,352,9
354,357,6
351,353,37
355,352,13
351,357,31
355,356,33
352,353,30
357,355,32
352,356,21
357,352,33
352,358,38
356,359,15
340,353,33
340,352,11
347,357,24
343,351,6
342,352,32
344,359,23
340,357,7
342,354,14
344,353,40
340,357,17
341,356,17
347,357,27
340,356,11
342,355,35
342,356,23
344,356,14
346,354,29
347,354,8
340,359,2
343,358,32
346,356,34
341,352,10
341,357,15
345,352,20
345,356,22
341,358,40
344,357,22
342,351,21
347,359,32
340,356,14
360,361,30
363,366,40
360,364,22
364,365,21
360,367,10
364,366,6
361,362,18
364,367,11
361,363,6
365,362,15
361,367,19
365,366,6
362,363,24
367,365,24
362,366,9
367,362,28
362,368,26
366,369,28
350,366,26
352,366,32
355,367,15
352,365,28
351,363,39
357,362,34
355,366,40
355,369,22
352,363,7
354,365,14
350,367,12
350,364,27
351,363,4
352,365,18
354,366,4
356,361,14
355,362,16
355,366,27
354,362,8
351,367,16
357,363,19
355,363,1
350,365,18
351,369,3
350,368,15
350,369,23
350,367,34
352,367,17
354,366,33
354,365,29
370,371,10
373,376,37
370,374,28
374,375,37
370,377,38
374,376,11
371,372,7
374,377,29
371,373,9
375,372,33
371,377,32
375,376,7
372,373,6
377,375,27
372,376,3
377,372,14
372,378,10
376,379,25
367,376,22
361,376,4
362,377,12
364,371,27
362,374,35
361,376,8
362,376,31
360,376,2
360,377,4
363,372,29
361,378,18
360,372,20
362,377,31
364,377,6
361,378,32
362,376,9
362,379,36
364,377,34
365,378,38
362,375,18
362,373,28
362,378,16
365,376,20
366,376,39
366,375,26
363,376,18
366,373,9
367,376,22
364,377,29
362,376,12
380,381,4
383,386,20
380,384,36
384,385,37
380,387,1
384,386,15
381,382,27
384,387,18
381,383,13
385,382,7
381,387,22
385,386,14
382,383,12
387,385,37
382,386,15
387,382,27
382,388,5
386,389,2
376,386,14
376,386,2
373,381,2
374,387,30
377,386,14
371,387,10
374,382,14
377,382,20
371,382,7
374,382,30
371,388,5
375,388,3
370,388,9
372,386,19
372,387,9
371,381,21
371,389,35
371,386,1
374,386,13
373,384,1
376,387,31
374,386,9
371,386,33
370,386,2
374,385,10
377,382,21
377,384,10
373,385,20
372,383,15
374,383,40
390,391,13
393,396,38
390,394,35
394,395,32
390,397,40
394,396,19
391,392,35
394,397,28
391,393,18
395,392,39
391,397,20
395,396,36
392,393,25
397,395,30
392,396,12
397,392,4
392,398,4
396,399,9
382,395,5
385,396,30
384,396,35
386,393,7
382,392,1
380,396,15
382,395,21
382,392,21
382,396,30
380,392,20
385,392,12
380,397,25
384,397,17
380,396,4
384,397,25
381,393,35
381,396,11
387,397,29
385,397,21
385,392,32
384,391,40
382,399,14
386,396,5
384,396,34
381,393,20
384,399,3
380,396,2
380,393,39
380,396,18
383,392,40
210,382,7
241,332,25
230,397,30
232,376,32
251,322,27
261,366,33
234,322,24
212,352,1
224,386,30
212,369,31
203,34,39
247,397,21
207,82,1
201,46,6
224,343,40
202,52,33
232,375,4
223,396,5
221,322,1
284,332,36
214,323,33
227,327,38
205,91,23
200,63,12
273,317,2
231,312,1
223,313,40
200,51,9
224,396,18
210,371,25
264,324,29
284,392,11
211,387,40
252,324,32
277,362,37
262,307,29
234,342,30
255,335,35
232,356,34
215,325,28
281,321,30
271,343,8
220,363,24
294,386,30
225,356,35
281,363,33
236,362,40
244,312,29
211,385,7
273,317,27
212,325,3
213,316,25
252,332,3
212,328,16
280,346,2
291,346,12
262,317,23
236,317,22
206,56,16
274,366,3
247,315,9
273,345,12
213,387,30
207,22,16
266,324,33
246,389,30
213,366,3
264,356,25
284,309,38
244,387,30
247,307,35
286,346,1
250,348,29
225,365,20
280,316,7
280,363,14
242,388,32
207,46,17
267,338,10
284,306,3
222,346,7
212,376,6
246,336,15
202,48,23
272,378,17
264,336,24
257,333,27
282,348,35
240,363,20
202,46,33
272,314,17
212,326,15
221,386,2
234,322,15
214,327,30
252,367,19
250,374,29
256,306,22
212,317,39
282,362,21
233,392,14
237,342,28
205,33,22
224,337,27
271,391,1
214,341,28
281,315,18
226,392,39
205,56,21
220,332,37
244,316,3
212,313,5
235,386,9
271,323,32
225,312,36
252,342,25
231,336,23
264,357,4
263,347,34
251,332,31
285,377,37
293,398,3
230,359,35
245,352,22
284,347,15
264,361,17
223,357,31
256,384,24
270,317,27
232,336,13
201,15,18
250,397,19
277,317,7
202,15,26
255,381,18
284,377,4
240,377,6
241,397,9
245,387,30
260,316,31
286,347,23
252,342,6
222,385,30
254,386,18
234,352,36
225,397,34
247,327,2
236,342,8
251,316,32
241,356,17
282,317,40
231,306,24
282,374,15
222,316,2
232,333,29
235,356,4
231,368,33
236,312,32
211,325,15
260,363,3
242,327,18
270,347,31
223,399,26
214,357,35
224,363,12
237,345,35
240,327,4
252,347,14
273,326,3
257,382,6
280,337,36
262,392,30
286,356,13
284,317,6
244,332,40
252,317,1
251,347,31
204,15,4
277,384,16
204,94,15
205,41,12
240,383,20
246,361,22
277,369,20
203,52,37
277,332,40
245,392,29
271,355,18
242,312,5
251,393,36
212,332,11
244,355,12
297,356,30
221,376,18
204,92,37
200,58,21
271,386,6
272,332,28
272,357,30
241,357,15
277,326,12
201,76,8
262,336,9
274,363,9
216,315,5
296,344,40
204,97,3
231,392,10
250,301,29
270,316,29
261,382,18
242,392,20
267,336,33
296,367,17
242,385,9
277,356,37
260,345,6
211,376,26
242,398,15
200,86,6
250,383,6
230,397,28
236,327,4
202,97,27
276,382,26
221,326,32
261,376,4
214,321,25
240,365,33
207,85,14
261,356,6
282,368,20
254,376,2
200,61,11
260,397,18
241,312,39
261,377,22
204,24,22
250,347,22
234,335,33
282,377,3
241,396,35
282,385,32
201,35,20
205,14,17
212,396,25
205,16,21
206,96,9
206,92,20
237,341,17
285,305,4
237,393,24
202,42,9
254,323,18
281,322,38
207,68,10
214,396,7
230,352,36
280,348,4
231,376,5
231,308,9
256,346,31
250,366,29
241,393,15
284,396,30
277,365,32
262,385,23
242,347,13
231,354,35
224,333,39
262,354,17
231,362,9
203,17,22
232,315,10
250,331,7
267,302,8
202,44,8
231,383,10
245,317,17
241,311,14
202,93,6
203,88,34
241,312,24
240,348,31
200,17,8
235,323,11
204,23,22
285,347,24
262,357,2
232,391,24
243,394,30
217,345,36
254,362,1
207,23,30
260,335,10
281,327,27
201,88,8
276,351,30
256,322,13
202,306,324
400,401,16
403,406,9
400,404,28
404,405,2
400,407,30
404,406,30
401,402,30
404,407,1
401,403,31
405,402,40
401,407,36
405,406,25
402,403,9
407,405,25
402,406,35
407,402,39
402,408,1
406,409,30
410,411,10
413,416,28
410,414,32
414,415,40
410,417,38
414,416,13
411,412,5
414,417,12
411,413,12
415,412,5
411,417,16
415,416,19
412,413,37
417,415,26
412,416,40
417,412,30
412,418,20
416,419,4
404,415,23
400,416,3
402,413,30
405,415,9
401,417,10
407,416,29
405,417,5
407,415,13
400,417,3
404,412,15
401,412,31
402,417,2
401,417,27
405,416,19
405,415,1
405,415,13
402,416,24
402,416,8
402,417,31
404,413,40
400,413,35
404,416,33
402,416,40
404,415,15
407,415,36
406,414,13
403,413,1
407,417,24
405,418,39
401,416,6
420,421,40
423,426,27
420,424,16
424,425,14
420,427,11
424,426,36
421,422,11
424,427,15
421,423,6
425,422,21
421,427,9
425,426,40
422,423,18
427,425,14
422,426,37
427,422,13
422,428,30
426,429,5
414,426,11
415,429,14
414,427,36
413,427,27
412,422,14
412,423,29
412,427,34
413,421,27
414,425,20
414,422,32
411,426,39
415,426,23
411,423,34
415,424,36
412,422,22
413,423,18
411,423,8
413,426,32
417,422,24
415,421,23
412,428,5
412,421,35
411,426,3
411,428,12
414,424,6
412,422,40
410,427,18
411,425,18
412,422,17
411,424,32
430,431,28
433,436,15
430,434,8
434,435,31
430,437,39
434,436,4
431,432,6
434,437,36
431,433,28
435,432,25
431,437,16
435,436,3
432,433,9
437,435,18
432,436,40
437,432,15
432,438,1
436,439,30
422,437,34
421,432,38
427,438,20
420,432,18
420,431,34
424,435,34
422,433,13
423,432,26
423,432,2
425,433,35
421,437,38
420,439,20
420,437,3
422,433,22
424,436,23
422,437,11
422,436,8
426,435,7
425,436,11
421,435,35
427,435,19
420,433,22
421,437,36
420,433,3
425,436,18
424,432,17
420,432,22
423,436,35
425,432,3
424,432,31
440,441,25
443,446,37
440,444,12
444,445,34
440,447,8
444,446,18
441,442,1
444,447,37
441,443,10
445,442,30
441,447,40
445,446,2
442,443,15
447,445,21
442,446,27
447,442,8
442,448,3
446,449,12
431,446,21
432,442,36
437,444,35
432,443,31
434,443,21
434,444,24
435,442,14
434,442,4
434,446,2
431,446,5
431,441,19
430,446,37
434,446,10
434,446,26
432,445,27
431,447,15
435,447,40
431,447,4
430,445,12
430,445,4
434,444,25
436,447,6
432,441,28
432,441,21
432,448,4
432,448,27
436,447,35
430,442,24
432,443,26
435,443,14
450,451,11
453,456,38
450,454,37
454,455,26
450,457,30
454,456,24
451,452,5
454,457,35
451,453,1
455,452,30
451,457,5
455,456,2
452,453,26
457,455,4
452,456,30
457,452,17
452,458,14
456,459,17
440,453,13
440,452,33
447,457,1
443,451,9
442,452,16
444,459,34
440,457,40
442,454,26
444,453,10
440,457,20
441,456,6
447,457,26
440,456,38
442,455,37
442,456,24
444,456,21
446,454,22
447,454,17
440,459,33
443,458,1
446,456,22
441,452,28
441,457,11
445,452,38
445,456,31
441,458,39
444,457,24
442,451,38
447,459,22
440,456,34
460,461,14
463,466,21
460,464,26
464,465,4
460,467,22
464,466,21
461,462,26
464,467,20
461,463,16
465,462,36
461,467,25
465,466,5
462,463,11
467,465,31
462,466,25
467,462,9
462,468,35
466,469,20
450,466,9
452,466,15
455,467,26
452,465,16
451,463,40
457,462,29
455,466,14
455,469,10
452,463,25
454,465,2
450,467,12
450,464,32
451,463,19
452,465,23
454,466,1
456,461,21
455,462,31
455,466,13
454,462,24
451,467,35
457,463,2
455,463,16
450,465,37
451,469,24
450,468,17
450,469,27
450,467,7
452,467,35
454,466,20
454,465,31
470,471,20
473,476,5
470,474,32
474,475,16
470,477,22
474,476,39
471,472,32
474,477,7
471,473,40
475,472,32
471,477,20
475,476,25
472,473,3
477,475,28
472,476,20
477,472,29
472,478,8
476,479,5
467,476,20
461,476,30
462,477,20
464,471,1
462,474,1
461,476,10
462,476,16
460,476,15
460,477,24
463,472,12
461,478,18
460,472,28
462,477,24
464,477,25
461,478,1
462,476,2
462,479,24
464,477,8
465,478,25
462,475,40
462,473,18
462,478,22
465,476,24
466,476,29
466,475,26
463,476,18
466,473,11
467,476,24
464,477,2
462,476,24
480,481,2
483,486,2
480,484,18
484,485,25
480,487,34
484,486,29
481,482,36
484,487,13
481,483,12
485,482,40
481,487,5
485,486,13
482,483,23
487,485,27
482,486,28
487,482,28
482,488,7
486,489,40
476,486,7
476,486,29
473,481,19
474,487,35
477,486,33
471,487,39
474,482,31
477,482,9
471,482,19
474,482,36
471,488,6
475,488,30
470,488,36
472,486,11
472,487,22
471,481,28
471,489,8
471,486,33
474,486,36
473,484,25
476,487,3
474,486,3
471,486,9
470,486,31
474,485,2
477,482,14
477,484,22
473,485,8
472,483,8
474,483,17
490,491,30
493,496,18
490,494,15
494,495,40
490,497,16
494,496,32
491,492,33
494,497,24
491,493,5
495,492,40
491,497,4
495,496,13
492,493,7
497,495,21
492,496,10
497,492,14
492,498,11
496,499,32
482,495,20
485,496,30
484,496,24
486,493,33
482,492,22
480,496,13
482,495,5
482,492,23
482,496,6
480,492,22
485,492,29
480,497,7
484,497,14
480,496,31
484,497,7
481,493,17
481,496,30
487,497,4
485,497,26
485,492,24
484,491,25
482,499,9
486,496,16
484,496,31
481,493,9
484,499,8
480,496,40
480,493,32
480,496,6
483,492,8
391,476,2
384,447,13
324,442,9
344,485,33
344,423,28
301,76,17
330,459,8
331,445,32
301,41,37
325,477,29
326,437,14
361,432,36
390,422,12
314,426,34
311,417,33
321,415,2
381,417,40
350,419,37
305,15,32
354,456,35
365,457,18
382,436,8
322,422,37
322,406,9
312,481,35
371,493,19
334,496,24
351,469,24
314,499,6
320,467,8
315,447,9
312,426,35
346,424,3
350,455,16
362,497,39
350,499,15
324,466,37
341,441,36
371,415,14
340,422,38
350,441,7
373,426,31
377,408,29
362,421,8
322,424,36
300,72,25
334,496,24
351,485,10
350,412,21
396,493,15
382,466,15
362,487,26
391,496,37
354,451,34
332,466,26
382,416,22
380,497,15
392,403,34
351,446,18
384,476,13
313,401,40
353,497,33
325,428,16
306,21,25
315,486,35
307,82,26
375,447,11
337,402,12
347,436,35
374,433,27
345,444,32
337,406,29
366,403,6
320,418,33
327,487,25
374,432,12
357,496,17
314,437,1
391,422,12
334,476,38
364,435,11
392,476,1
360,435,6
327,475,39
362,477,21
366,438,28
311,483,28
300,82,25
341,433,13
380,488,20
374,402,19
340,446,13
331,463,6
387,412,8
371,432,4
314,423,25
373,486,38
340,457,37
382,478,15
341,406,25
342,476,37
364,464,33
331,471,25
302,73,34
361,476,7
304,76,27
344,472,15
325,437,40
311,451,16
307,22,10
323,445,7
320,402,8
374,432,39
384,478,38
331,497,11
371,412,13
387,432,5
330,442,28
344,467,6
384,498,15
332,479,31
332,462,18
313,446,10
322,496,23
304,14,29
365,471,27
357,467,36
354,428,7
344,452,21
350,436,12
362,466,16
374,437,6
334,411,33
332,417,16
337,482,23
376,486,5
305,93,31
341,472,20
362,492,36
364,461,37
344,429,24
354,478,10
301,23,29
350,413,10
363,445,3
301,36,36
362,432,14
382,483,28
353,422,16
371,498,35
327,485,25
383,467,32
371,477,27
307,32,1
330,422,23
302,56,13
354,442,32
324,485,25
325,416,36
340,496,30
300,95,11
332,424,13
322,411,18
387,486,23
323,427,5
352,446,33
334,495,19
374,466,36
380,456,22
312,404,13
321,497,39
380,416,10
334,493,21
302,53,36
355,427,32
356,458,22
374,487,16
382,457,19
344,401,1
311,492,33
312,459,37
304,17,24
354,428,4
303,51,34
372,413,18
381,486,14
347,457,10
385,474,23
354,423,27
301,65,25
311,489,8
324,448,10
392,476,7
332,493,6
372,496,25
302,86,18
367,477,24
320,435,36
384,422,13
315,416,8
305,32,2
362,488,37
335,472,27
364,483,33
337,439,5
344,467,6
321,413,12
317,453,32
311,467,36
327,457,37
304,22,14
307,37,40
362,456,14
313,451,38
332,417,8
330,475,18
367,477,38
362,496,40
343,428,17
323,496,8
311,497,39
352,476,32
380,475,6
386,466,11
301,52,5
387,425,4
384,475,24
332,403,13
311,483,4
391,416,2
382,469,16
384,456,10
320,435,8
364,457,35
387,454,40
352,435,22
375,471,22
396,461,30
307,88,30
320,482,19
392,473,29
326,446,19
312,453,20
380,476,30
352,475,22
383,446,21
330,413,12
334,478,33
340,466,22
300,88,17
344,482,20
382,433,29
302,35,32
361,422,8
337,496,14
361,428,37
377,493,29
304,42,31
352,447,7
355,467,2
381,452,21
340,476,9
374,499,28
372,447,36
374,451,17
316,465,29
383,491,37
342,462,11
331,486,31
382,445,25
331,485,30
374,452,34
330,403,25
374,413,3
385,481,24
322,446,25
331,476,23
324,475,12
324,437,24
392,422,5
337,422,8
355,417,31
327,415,20
383,422,37
367,423,7
330,403,25
385,476,11
355,466,39
385,445,22
317,406,8
387,494,38
371,454,18
344,412,11
384,415,33
352,484,31
311,482,12
331,495,38
332,416,3
334,482,38
341,425,8
500,501,33
503,506,18
500,504,22
504,505,29
500,507,9
504,506,13
501,502,40
504,507,14
501,503,34
505,502,5
501,507,6
505,506,18
502,503,16
507,505,19
502,506,33
507,502,12
502,508,2
506,509,38
510,511,9
513,516,19
510,514,38
514,515,29
510,517,37
514,516,9
511,512,34
514,517,20
511,513,24
515,512,12
511,517,14
515,516,36
512,513,9
517,515,37
512,516,28
517,512,35
512,518,29
516,519,24
504,515,12
500,516,31
502,513,29
505,515,24
501,517,31
507,516,8
505,517,4
507,515,31
500,517,21
504,512,31
501,512,3
502,517,13
501,517,32
505,516,17
505,515,40
505,515,33
502,516,6
502,516,5
502,517,26
504,513,39
500,513,35
504,516,38
502,516,33
504,515,20
507,515,28
506,514,13
503,513,20
507,517,34
505,518,7
501,516,33
520,521,19
523,526,19
520,524,4
524,525,5
520,527,21
524,526,16
521,522,22
524,527,10
521,523,16
525,522,37
521,527,33
525,526,25
522,523,37
527,525,35
522,526,27
527,522,36
522,528,22
526,529,25
514,526,33
515,529,35
514,527,14
513,527,24
512,522,29
512,523,37
512,527,19
513,521,33
514,525,31
514,522,28
511,526,13
515,526,3
511,523,21
515,524,21
512,522,24
513,523,22
511,523,17
513,526,31
517,522,6
515,521,22
512,528,11
512,521,29
511,526,4
511,528,17
514,524,2
512,522,29
510,527,22
511,525,14
512,522,28
511,524,22
530,531,35
533,536,12
530,534,29
534,535,33
530,537,31
534,536,33
531,532,31
534,537,12
531,533,15
535,532,2
531,537,31
535,536,19
532,533,37
537,535,33
532,536,20
537,532,38
532,538,8
536,539,5
522,537,29
521,532,31
527,538,10
520,532,5
520,531,2
524,535,6
522,533,33
523,532,22
523,532,17
525,533,34
521,537,17
520,539,37
520,537,37
522,533,26
524,536,20
522,537,29
522,536,14
526,535,15
525,536,21
521,535,23
527,535,25
520,533,33
521,537,13
520,533,10
525,536,27
524,532,15
520,532,30
523,536,4
525,532,25
524,532,15
540,541,40
543,546,4
540,544,8
544,545,7
540,547,11
544,546,31
541,542,34
544,547,7
541,543,22
545,542,23
541,547,12
545,546,23
542,543,28
547,545,7
542,546,21
547,542,34
542,548,20
546,549,18
531,546,2
532,542,2
537,544,15
532,543,31
534,543,28
534,544,20
535,542,31
534,542,21
534,546,38
531,546,38
531,541,26
530,546,7
534,546,38
534,546,38
532,545,15
531,547,4
535,547,18
531,547,20
530,545,12
530,545,9
534,544,21
536,547,15
532,541,21
532,541,6
532,548,23
532,548,4
536,547,20
530,542,19
532,543,30
535,543,12
550,551,9
553,556,3
550,554,10
554,555,1
550,557,19
554,556,29
551,552,4
554,557,8
551,553,21
555,552,20
551,557,5
555,556,11
552,553,15
557,555,29
552,556,9
557,552,17
552,558,6
556,559,25
540,553,3
540,552,1
547,557,35
543,551,35
542,552,18
544,559,15
540,557,28
542,554,39
544,553,34
540,557,2
541,556,1
547,557,21
540,556,33
542,555,14
542,556,38
544,556,34
546,554,37
547,554,11
540,559,4
543,558,23
546,556,27
541,552,17
541,557,33
545,552,31
545,556,36
541,558,21
544,557,15
542,551,3
547,559,36
540,556,22
560,561,23
563,566,18
560,564,30
564,565,30
560,567,19
564,566,13
561,562,36
564,567,34
561,563,28
565,562,29
561,567,16
565,566,17
562,563,37
567,565,27
562,566,36
567,562,30
562,568,39
566,569,26
550,566,16
552,566,18
555,567,18
552,565,11
551,563,25
557,562,20
555,566,2
555,569,18
552,563,17
554,565,33
550,567,6
550,564,5
551,563,38
552,565,20
554,566,15
556,561,4
555,562,12
555,566,16
554,562,28
551,567,15
557,563,32
555,563,8
550,565,15
551,569,21
550,568,6
550,569,21
550,567,37
552,567,25
554,566,37
554,565,24
570,571,25
573,576,17
570,574,38
574,575,20
570,577,5
574,576,12
571,572,38
574,577,40
571,573,6
575,572,12
571,577,7
575,576,40
572,573,16
577,575,30
572,576,4
577,572,22
572,578,11
576,579,12
567,576,6
561,576,27
562,577,12
564,571,32
562,574,37
561,576,4
562,576,19
560,576,6
560,577,21
563,572,11
561,578,19
560,572,31
562,577,29
564,577,16
561,578,2
562,576,12
562,579,33
564,577,4
565,578,9
562,575,34
562,573,26
562,578,15
565,576,26
566,576,2
566,575,15
563,576,14
566,573,6
567,576,36
564,577,1
562,576,22
580,581,23
583,586,39
580,584,16
584,585,9
580,587,39
584,586,12
581,582,20
584,587,30
581,583,31
585,582,38
581,587,19
585,586,21
582,583,4
587,585,3
582,586,35
587,582,38
582,588,15
586,589,9
576,586,17
576,586,34
573,581,13
574,587,28
577,586,12
571,587,10
574,582,21
577,582,39
571,582,2
574,582,9
571,588,16
575,588,28
570,588,23
572,586,20
572,587,8
571,581,29
571,589,23
571,586,28
574,586,30
573,584,40
576,587,30
574,586,25
571,586,13
570,586,31
574,585,11
577,582,27
577,584,30
573,585,17
572,583,30
574,583,36
590,591,32
593,596,17
590,594,30
594,595,21
590,597,16
594,596,37
591,592,27
594,597,38
591,593,25
595,592,12
591,597,25
595,596,34
592,593,15
597,595,26
592,596,18
597,592,6
592,598,22
596,599,11
582,595,8
585,596,4
584,596,6
586,593,31
582,592,17
580,596,22
582,595,7
582,592,34
582,596,9
580,592,15
585,592,21
580,597,28
584,597,31
580,596,31
584,597,3
581,593,1
581,596,4
587,597,14
585,597,26
585,592,25
584,591,25
582,599,37
586,596,2
584,596,5
581,593,35
584,599,1
580,596,32
580,593,9
580,596,2
583,592,28
404,16,35
426,537,22
434,516,20
417,581,35
401,42,12
441,516,26
446,512,34
404,23,16
486,581,11
440,592,18
423,529,32
414,503,11
412,544,11
471,536,23
465,576,30
404,56,28
455,513,28
456,596,5
420,515,14
471,554,5
411,547,13
441,529,3
460,536,22
490,582,9
491,538,14
455,537,11
452,556,20
465,556,18
477,563,30
431,534,21
420,562,17
447,566,7
403,46,7
490,525,22
480,522,22
477,575,34
411,586,9
452,596,21
477,549,19
446,592,18
460,564,20
463,516,7
455,536,4
424,516,5
482,537,38
412,582,17
440,597,30
400,12,3
470,577,20
422,506,18
472,544,22
412,509,26
412,562,23
485,553,39
440,544,22
484,572,24
431,557,29
434,542,15
402,26,29
480,547,16
434,515,6
411,546,32
450,546,11
413,512,11
482,502,1
450,542,37
442,535,35
454,578,11
442,575,9
434,575,38
435,562,15
442,503,16
447,515,6
471,594,30
480,567,16
434,515,7
432,567,34
404,35,25
464,582,24
461,575,15
402,77,3
410,572,8
462,573,10
485,546,9
491,587,13
434,562,38
466,516,13
415,587,13
484,586,38
455,526,10
413,536,35
424,535,35
493,554,24
486,586,38
455,557,7
460,516,29
432,523,29
410,536,28
432,542,9
411,574,22
444,557,1
485,576,1
420,525,14
405,56,20
431,512,22
402,44,9
431,562,5
410,581,34
440,576,20
463,576,2
400,67,8
471,569,2
415,576,30
414,572,4
484,532,14
461,588,18
437,592,20
425,587,33
460,586,37
404,47,18
404,89,40
442,504,40
442,576,1
412,547,1
450,526,27
474,573,37
420,592,14
431,596,3
462,578,5
463,586,33
481,536,30
434,537,16
455,535,11
474,545,38
470,557,27
447,553,38
465,516,7
421,592,17
414,546,27
405,96,7
467,543,15
437,596,4
465,528,7
473,516,36
421,556,10
423,586,2
431,556,16
476,596,28
434,586,33
481,558,20
465,521,14
411,596,2
433,596,5
474,576,3
410,508,1
485,516,1
432,533,14
471,582,20
434,551,2
444,566,9
411,575,20
480,578,22
410,526,30
497,577,25
456,577,31
422,592,21
426,556,8
480,596,6
470,562,15
405,502,51
480,547,21
486,547,26
452,546,16
412,515,15
460,593,40
470,556,15
450,529,22
407,65,13
472,553,2
402,92,31
432,548,29
430,565,32
434,578,21
412,517,7
406,21,4
475,509,5
474,512,2
440,528,34
430,577,29
411,562,18
413,584,21
433,574,19
473,526,24
400,15,6
496,583,25
411,523,6
475,512,38
447,556,30
486,502,21
411,588,29
435,517,26
481,516,37
473,515,30
486,575,24
467,532,30
481,586,10
422,578,38
422,512,25
411,546,5
405,503,519
444,521,16
407,76,11
472,586,23
447,567,9
434,533,40
411,576,40
474,537,37
414,552,2
414,504,11
400,57,12
450,535,18
406,506,56
465,599,35
450,535,21
400,27,40
481,576,23
405,46,30
461,552,20
494,545,13
497,561,16
454,566,36
415,551,27
411,515,2
471,583,17
464,586,28
455,554,18
426,516,34
434,589,40
463,509,12
423,546,37
461,577,16
434,596,8
474,543,39
431,586,15
484,576,26
457,542,30
461,572,11
442,552,2
485,588,30
437,575,32
451,542,21
444,576,20
446,562,18
452,542,34
415,542,24
460,586,16
442,565,30
441,566,5
412,526,10
405,91,23
432,532,27
401,35,9
484,577,30
452,545,8
404,24,11
412,593,19
431,597,36
401,29,20
415,502,10
412,527,6
465,592,13
434,554,32
483,593,28
485,595,28
420,534,24
472,588,30
402,505,513
435,542,31
405,33,1
431,592,14
434,566,26
472,542,39
447,578,16
484,551,19
484,556,34
402,35,7
444,581,22
483,506,18
425,597,20
456,516,8
422,599,29
453,577,22
400,26,1
452,545,34
462,523,16
462,556,40
421,587,14
426,513,37
463,533,29
417,512,35
600,601,29
603,606,7
600,604,11
604,605,12
600,607,4
604,606,8
601,602,20
604,607,4
601,603,12
605,602,12
601,607,28
605,606,7
602,603,40
607,605,39
602,606,3
607,602,34
602,608,5
606,609,31
610,611,39
613,616,23
610,614,19
614,615,1
610,617,31
614,616,24
611,612,2
614,617,6
611,613,10
615,612,13
611,617,16
615,616,29
612,613,3
617,615,9
612,616,35
617,612,36
612,618,12
616,619,32
604,615,26
600,616,17
602,613,18
605,615,17
601,617,20
607,616,32
605,617,14
607,615,10
600,617,33
604,612,37
601,612,30
602,617,6
601,617,22
605,616,22
605,615,30
605,615,5
602,616,10
602,616,11
602,617,15
604,613,30
600,613,24
604,616,3
602,616,20
604,615,32
607,615,30
606,614,2
603,613,6
607,617,10
605,618,10
601,616,22
620,621,17
623,626,19
620,624,3
624,625,20
620,627,35
624,626,3
621,622,17
624,627,8
621,623,40
625,622,3
621,627,18
625,626,16
622,623,10
627,625,16
622,626,31
627,622,3
622,628,35
626,629,36
614,626,5
615,629,25
614,627,36
613,627,2
612,622,5
612,623,9
612,627,3
613,621,10
614,625,1
614,622,8
611,626,12
615,626,9
611,623,39
615,624,8
612,622,27
613,623,4
611,623,28
613,626,27
617,622,40
615,621,18
612,628,39
612,621,1
611,626,5
611,628,12
614,624,18
612,622,23
610,627,19
611,625,14
612,622,37
611,624,10
630,631,23
633,636,35
630,634,15
634,635,7
630,637,27
634,636,17
631,632,34
634,637,31
631,633,30
635,632,5
631,637,34
635,636,11
632,633,2
637,635,6
632,636,15
637,632,35
632,638,7
636,639,17
622,637,21
621,632,1
627,638,30
620,632,40
620,631,9
624,635,2
622,633,29
623,632,3
623,632,19
625,633,9
621,637,8
620,639,9
620,637,31
622,633,13
624,636,25
622,637,31
622,636,26
626,635,16
625,636,13
621,635,24
627,635,37
620,633,38
621,637,22
620,633,23
625,636,1
624,632,8
620,632,26
623,636,25
625,632,21
624,632,33
640,641,29
643,646,15
640,644,24
644,645,30
640,647,30
644,646,37
641,642,8
644,647,18
641,643,17
645,642,22
641,647,15
645,646,12
642,643,17
647,645,33
642,646,30
647,642,17
642,648,37
646,649,2
631,646,9
632,642,16
637,644,33
632,643,26
634,643,24
634,644,18
635,642,5
634,642,1
634,646,31
631,646,36
631,641,9
630,646,12
634,646,22
634,646,29
632,645,11
631,647,19
635,647,6
631,647,26
630,645,12
630,645,7
634,644,13
636,647,33
632,641,37
632,641,14
632,648,16
632,648,40
636,647,11
630,642,24
632,643,19
635,643,23
650,651,14
653,656,19
650,654,5
654,655,20
650,657,10
654,656,23
651,652,36
654,657,7
651,653,10
655,652,22
651,657,15
655,656,38
652,653,33
657,655,22
652,656,16
657,652,17
652,658,15
656,659,13
640,653,21
640,652,29
647,657,35
643,651,22
642,652,3
644,659,10
640,657,23
642,654,8
644,653,8
640,657,2
641,656,14
647,657,25
640,656,35
642,655,33
642,656,26
644,656,23
646,654,5
647,654,29
640,659,40
643,658,17
646,656,36
641,652,26
641,657,33
645,652,18
645,656,33
641,658,9
644,657,4
642,651,26
647,659,35
640,656,17
660,661,18
663,666,25
660,664,6
664,665,25
660,667,4
664,666,10
661,662,29
664,667,5
661,663,1
665,662,25
661,667,3
665,666,6
662,663,21
667,665,17
662,666,5
667,662,36
662,668,31
666,669,36
650,666,32
652,666,37
655,667,27
652,665,40
651,663,23
657,662,18
655,666,40
655,669,39
652,663,6
654,665,1
650,667,16
650,664,19
651,663,4
652,665,19
654,666,3
656,661,9
655,662,16
655,666,10
654,662,40
651,667,21
657,663,35
655,663,39
650,665,1
651,669,22
650,668,13
650,669,16
650,667,31
652,667,10
654,666,38
654,665,26
670,671,33
673,676,1
670,674,11
674,675,25
670,677,6
674,676,40
671,672,2
674,677,39
671,673,19
675,672,8
671,677,3
675,676,28
672,673,9
677,675,7
672,676,4
677,672,1
672,678,3
676,679,21
667,676,25
661,676,1
662,677,4
664,671,29
662,674,27
661,676,37
662,676,27
660,676,15
660,677,35
663,672,21
661,678,20
660,672,26
662,677,10
664,677,31
661,678,12
662,676,28
662,679,35
664,677,23
665,678,8
662,675,20
662,673,31
662,678,30
665,676,18
666,676,24
666,675,36
663,676,4
666,673,24
667,676,9
664,677,15
662,676,17
680,681,1
683,686,12
680,684,31
684,685,5
680,687,21
684,686,32
681,682,19
684,687,24
681,683,38
685,682,1
681,687,14
685,686,2
682,683,26
687,685,19
682,686,25
687,682,3
682,688,12
686,689,35
676,686,9
676,686,14
673,681,35
674,687,9
677,686,24
671,687,32
674,682,28
677,682,14
671,682,3
674,682,3
671,688,13
675,688,36
670,688,30
672,686,6
672,687,22
671,681,24
671,689,22
671,686,22
674,686,3
673,684,29
676,687,7
674,686,20
671,686,9
670,686,5
674,685,21
677,682,35
677,684,10
673,685,29
672,683,6
674,683,14
690,691,4
693,696,20
690,694,19
694,695,37
690,697,19
694,696,30
691,692,19
694,697,35
691,693,29
695,692,28
691,697,22
695,696,21
692,693,39
697,695,22
692,696,18
697,692,7
692,698,21
696,699,5
682,695,12
685,696,14
684,696,14
686,693,13
682,692,10
680,696,40
682,695,25
682,692,4
682,696,18
680,692,28
685,692,15
680,697,6
684,697,7
680,696,10
684,697,1
681,693,4
681,696,26
687,697,23
685,697,39
685,692,7
684,691,18
682,699,6
686,696,36
684,696,15
681,693,17
684,699,33
680,696,33
680,693,26
680,696,8
683,692,27
530,654,12
512,675,24
512,607,14
513,622,40
544,674,9
531,666,40
545,615,9
574,677,27
515,697,24
587,622,10
547,612,25
530,656,28
541,632,38
505,17,8
507,24,26
522,679,21
501,22,19
585,642,31
565,667,28
592,676,5
505,57,29
547,626,31
512,656,33
544,691,14
561,657,19
580,666,23
505,96,13
565,652,34
574,695,31
515,622,4
532,666,27
502,77,37
581,678,18
512,696,38
550,617,30
552,636,28
531,692,17
572,697,35
563,615,19
571,657,16
511,627,7
505,92,40
543,696,23
573,695,15
586,686,23
535,606,19
517,667,32
502,57,39
552,677,5
580,627,24
552,624,18
512,605,28
562,643,32
571,696,12
502,87,23
550,642,10
524,606,13
575,675,9
551,644,35
524,666,34
546,689,12
547,642,15
513,699,23
582,636,2
534,613,9
566,618,25
525,667,14
544,643,23
552,641,15
505,68,30
541,613,9
550,686,31
571,617,10
574,636,26
502,78,22
576,601,2
531,692,10
510,644,3
542,633,22
580,646,10
524,603,21
500,33,25
562,613,24
560,691,31
542,621,7
544,657,1
523,616,11
534,627,1
500,53,6
564,645,24
574,697,33
521,675,19
577,688,37
565,622,20
544,657,26
554,647,7
534,672,7
581,612,40
525,621,24
582,621,38
554,677,30
542,633,26
562,686,21
500,84,20
574,632,19
543,667,37
505,78,36
531,619,35
544,673,10
500,13,10
550,696,17
574,646,5
504,53,38
562,635,33
550,622,10
522,626,9
587,693,20
500,82,4
544,669,10
542,687,2
532,623,21
555,682,38
521,643,20
545,691,3
574,697,18
505,34,40
546,666,16
551,696,36
540,623,26
507,24,27
535,676,3
562,616,35
536,675,18
514,677,4
501,73,4
511,697,24
512,676,11
566,621,40
535,662,11
552,615,32
555,644,10
530,654,19
552,606,9
501,66,35
535,645,14
525,632,27
550,655,20
571,686,22
560,696,28
595,659,20
514,674,37
520,643,40
521,665,21
580,638,40
503,56,3
520,687,3
594,643,40
500,69,17
564,666,9
566,647,19
574,677,21
527,666,11
540,683,36
534,656,5
520,673,22
553,654,16
524,615,35
582,646,28
530,695,2
524,676,26
511,656,5
561,666,37
564,632,30
511,688,28
542,634,7
537,645,2
550,667,2
570,635,30
574,692,23
561,699,21
560,641,14
566,624,40
504,18,34
570,604,27
535,686,37
571,686,32
562,622,12
511,676,35
551,666,17
520,672,3
535,632,15
555,693,10
567,685,13
521,672,8
531,677,1
564,652,27
581,603,30
551,676,7
572,602,13
514,606,23
515,636,8
557,644,26
575,647,31
594,647,19
513,666,39
511,634,36
505,72,2
550,679,8
507,86,38
505,54,11
522,604,19
512,616,19
585,652,8
583,693,21
592,683,10
505,56,19
595,666,27
584,632,15
530,616,4
580,677,39
501,25,38
562,682,24
522,696,19
532,646,36
527,676,7
504,92,19
573,635,20
502,32,31
580,686,39
527,622,23
536,697,34
523,645,26
547,684,12
504,609,630
532,685,20
537,639,6
501,27,36
586,665,22
540,614,38
524,682,15
554,654,29
502,38,1
540,667,37
530,682,8
583,665,13
586,626,30
525,679,13
531,607,29
552,654,33
544,656,13
521,614,6
535,678,24
512,606,24
542,677,1
523,656,16
532,616,24
504,66,17
571,657,6
550,603,11
581,673,31
547,667,1
544,642,33
566,658,34
585,696,1
535,606,22
575,666,35
591,667,17
522,652,22
506,11,30
516,617,19
502,87,32
555,666,31
580,617,4
584,678,22
584,657,11
522,654,16
540,673,16
562,686,8
582,625,13
513,643,40
547,639,37
502,62,25
566,637,40
541,693,33
507,78,40
503,16,6
515,628,12
547,693,14
592,636,7
520,641,13
550,687,10
523,665,19
574,677,7
500,62,29
560,637,31
510,602,1
532,608,12
574,683,3
554,647,5
513,696,22
700,701,7
703,706,21
700,704,18
704,705,4
700,707,34
704,706,25
701,702,13
704,707,2
701,703,35
705,702,36
701,707,32
705,706,19
702,703,37
707,705,31
702,706,32
707,702,39
702,708,21
706,709,34
710,711,31
713,716,10
710,714,22
714,715,11
710,717,5
714,716,34
711,712,16
714,717,32
711,713,35
715,712,18
711,717,36
715,716,20
712,713,30
717,715,21
712,716,34
717,712,29
712,718,29
716,719,16
704,715,15
700,716,37
702,713,35
705,715,28
701,717,20
707,716,8
705,717,6
707,715,6
700,717,5
704,712,32
701,712,5
702,717,21
701,717,32
705,716,33
705,715,21
705,715,9
702,716,20
702,716,22
702,717,33
704,713,39
700,713,17
704,716,37
702,716,40
704,715,37
707,715,13
706,714,21
703,713,12
707,717,13
705,718,23
701,716,28
720,721,32
723,726,9
720,724,24
724,725,3
720,727,19
724,726,38
721,722,13
724,727,20
721,723,1
725,722,14
721,727,1
725,726,19
722,723,25
727,725,26
722,726,40
727,722,8
722,728,7
726,729,18
714,726,35
715,729,31
714,727,39
713,727,19
712,722,25
712,723,18
712,727,17
713,721,22
714,725,22
714,722,16
711,726,26
715,726,24
711,723,37
715,724,11
712,722,22
713,723,14
711,723,27
713,726,38
717,722,27
715,721,34
712,728,36
712,721,31
711,726,38
711,728,32
714,724,2
712,722,7
710,727,21
711,725,31
712,722,11
711,724,34
730,731,5
733,736,29
730,734,7
734,735,1
730,737,4
734,736,38
731,732,38
734,737,11
731,733,3
735,732,4
731,737,16
735,736,2
732,733,31
737,735,7
732,736,8
737,732,27
732,738,25
736,739,31
722,737,1
721,732,32
727,738,25
720,732,31
720,731,21
724,735,19
722,733,16
723,732,40
723,732,17
725,733,34
721,737,4
720,739,14
720,737,1
722,733,5
724,736,37
722,737,10
722,736,32
726,735,33
725,736,28
721,735,39
727,735,17
720,733,25
721,737,14
720,733,10
725,736,19
724,732,8
720,732,1
723,736,19
725,732,7
724,732,35
740,741,9
743,746,33
740,744,18
744,745,1
740,747,6
744,746,10
741,742,28
744,747,12
741,743,2
745,742,36
741,747,1
745,746,21
742,743,18
747,745,13
742,746,3
747,742,39
742,748,5
746,749,7
731,746,8
732,742,19
737,744,29
732,743,7
734,743,32
734,744,22
735,742,6
734,742,23
734,746,27
731,746,36
731,741,19
730,746,2
734,746,39
734,746,24
732,745,31
731,747,10
735,747,30
731,747,21
730,745,10
730,745,5
734,744,13
736,747,4
732,741,3
732,741,2
732,748,8
732,748,14
736,747,36
730,742,4
732,743,20
735,743,31
750,751,40
753,756,40
750,754,11
754,755,13
750,757,40
754,756,20
751,752,17
754,757,14
751,753,35
755,752,11
751,757,31
755,756,6
752,753,31
757,755,37
752,756,36
757,752,28
752,758,8
756,759,18
740,753,9
740,752,6
747,757,5
743,751,27
742,752,28
744,759,31
740,757,9
742,754,3
744,753,14
740,757,32
741,756,28
747,757,22
740,756,1
742,755,18
742,756,4
744,756,1
746,754,11
747,754,3
740,759,27
743,758,21
746,756,15
741,752,11
741,757,5
745,752,4
745,756,3
741,758,11
744,757,9
742,751,5
747,759,34
740,756,13
760,761,25
763,766,32
760,764,2
764,765,25
760,767,38
764,766,26
761,762,23
764,767,3
761,763,16
765,762,40
761,767,7
765,766,16
762,763,10
767,765,2
762,766,34
767,762,7
762,768,26
766,769,13
750,766,27
752,766,30
755,767,35
752,765,32
751,763,23
757,762,23
755,766,8
755,769,37
752,763,1
754,765,6
750,767,24
750,764,20
751,763,6
752,765,20
754,766,32
756,761,28
755,762,18
755,766,32
754,762,20
751,767,24
757,763,22
755,763,9
750,765,30
751,769,7
750,768,3
750,769,23
750,767,24
752,767,15
754,766,1
754,765,19
770,771,27
773,776,16
770,774,33
774,775,29
770,777,1
774,776,11
771,772,12
774,777,2
771,773,14
775,772,13
771,777,21
775,776,40
772,773,5
777,775,12
772,776,8
777,772,8
772,778,27
776,779,13
767,776,18
761,776,3
762,777,31
764,771,26
762,774,2
761,776,31
762,776,17
760,776,5
760,777,31
763,772,31
761,778,40
760,772,38
762,777,4
764,777,7
761,778,9
762,776,6
762,779,25
764,777,26
765,778,9
762,775,20
762,773,27
762,778,11
765,776,1
766,776,7
766,775,6
763,776,13
766,773,38
767,776,4
764,777,30
762,776,40
780,781,11
783,786,27
780,784,39
784,785,37
780,787,32
784,786,17
781,782,4
784,787,23
781,783,12
785,782,21
781,787,21
785,786,30
782,783,34
787,785,29
782,786,34
787,782,15
782,788,37
786,789,23
776,786,35
776,786,15
773,781,2
774,787,4
777,786,24
771,787,23
774,782,24
777,782,40
771,782,31
774,782,35
771,788,9
775,788,23
770,788,32
772,786,38
772,787,24
771,781,10
771,789,11
771,786,13
774,786,29
773,784,15
776,787,36
774,786,34
771,786,17
770,786,31
774,785,11
777,782,11
777,784,21
773,785,2
772,783,21
774,783,1
790,791,24
793,796,16
790,794,37
794,795,13
790,797,38
794,796,12
791,792,8
794,797,33
791,793,29
795,792,2
791,797,12
795,796,18
792,793,31
797,795,1
792,796,10
797,792,33
792,798,8
796,799,7
782,795,2
785,796,11
784,796,34
786,793,29
782,792,12
780,796,7
782,795,4
782,792,23
782,796,5
780,792,38
785,792,26
780,797,23
784,797,5
780,796,37
784,797,23
781,793,8
781,796,14
787,797,34
785,797,23
785,792,23
784,791,32
782,799,39
786,796,31
784,796,27
781,793,33
784,799,3
780,796,9
780,793,4
780,796,16
783,792,31
664,715,36
692,766,31
646,742,12
655,786,23
670,736,31
611,746,7
613,728,7
620,753,15
656,786,31
620,716,13
630,706,18
620,743,34
691,752,7
651,758,22
646,787,6
660,756,39
601,76,33
647,729,7
612,736,3
671,743,26
637,769,34
647,732,15
632,737,20
687,785,30
611,783,3
672,713,30
694,779,32
680,743,17
635,726,30
612,723,2
677,745,22
602,41,7
684,778,17
655,732,6
684,772,6
634,779,25
624,723,2
610,717,22
655,743,24
652,716,31
690,767,32
671,708,8
640,766,24
694,732,11
672,736,4
636,782,9
656,765,8
611,737,7
690,767,30
622,732,37
612,713,37
665,715,26
654,756,25
605,57,37
642,702,21
607,22,8
641,713,17
637,793,7
681,777,12
635,787,28
642,765,14
615,752,6
677,786,8
642,712,22
612,751,23
611,765,30
625,747,19
691,707,30
690,786,40
662,758,17
631,732,9
681,722,16
672,752,20
652,785,14
674,787,20
611,771,2
610,716,39
600,37,27
625,783,19
623,766,27
674,776,30
622,736,24
680,716,12
660,736,34
682,706,30
680,736,5
651,733,20
684,737,1
602,92,21
687,783,16
667,736,21
634,736,17
630,784,11
605,96,33
625,722,10
634,737,32
614,715,16
646,754,37
615,745,36
685,793,8
641,793,24
632,766,28
672,766,15
632,752,25
621,736,39
641,776,37
647,717,26
625,742,36
612,761,29
612,714,26
651,796,2
601,27,7
657,799,35
622,735,33
675,767,27
655,765,6
685,756,4
664,725,38
684,726,1
662,747,29
640,733,3
636,735,18
642,773,31
660,737,26
667,722,30
662,751,5
642,757,15
612,786,1
671,747,33
620,795,37
653,799,5
632,739,20
645,792,24
636,737,22
635,712,38
602,87,3
671,732,7
627,744,35
680,782,19
611,777,36
631,761,12
636,756,15
614,772,39
651,714,17
676,793,5
635,763,29
612,795,18
662,792,22
634,767,7
644,745,10
652,763,37
655,756,19
691,762,35
677,733,2
614,732,1
615,727,14
675,796,14
686,716,16
640,717,25
612,786,6
635,713,40
601,72,33
642,773,20
644,733,32
612,775,2
647,756,4
615,776,21
631,756,17
656,752,29
680,711,29
627,722,7
671,728,36
650,756,1
630,771,36
684,767,2
630,725,1
695,746,23
604,77,35
632,757,24
670,712,20
686,783,37
607,87,38
650,716,7
605,66,15
627,796,20
650,733,17
602,23,39
620,763,9
677,767,36
622,733,2
600,22,33
674,759,4
671,787,10
620,746,35
687,737,28
640,781,29
681,735,2
640,743,34
652,733,14
675,775,35
635,786,6
625,778,24
661,776,3
651,722,14
680,797,28
664,766,9
647,763,39
616,752,15
617,778,15
675,745,21
680,776,15
690,747,1
611,746,32
622,727,20
671,702,16
652,709,2
661,716,11
647,746,15
645,786,6
612,784,9
625,753,32
613,797,21
632,714,4
602,47,34
654,708,33
657,732,37
684,733,15
611,786,20
623,707,8
602,79,28
622,796,2
621,752,14
662,717,14
652,723,30
622,716,26
613,776,26
611,736,29
622,723,7
676,796,21
634,726,40
650,788,2
611,796,7
605,17,3
661,703,37
684,713,33
684,797,34
641,784,2
651,771,30
654,715,33
627,757,24
602,92,29
631,738,26
692,732,35
645,799,15
632,756,31
601,82,8
625,781,38
627,763,7
651,746,17
637,717,18
674,793,20
624,776,31
672,715,26
614,747,20
620,741,20
674,753,21
684,722,19
641,723,40
632,736,26
671,797,24
684,782,11
607,96,1
651,786,30
673,727,34
607,25,17
695,715,27
687,776,33
691,723,27
600,16,38
652,726,23
667,722,31
640,712,1
693,717,8
620,788,17
630,771,10
647,796,27
685,766,34
660,706,7
613,757,11
611,716,1
634,748,1
631,786,26
645,713,32
657,757,8
605,16,9
603,62,4
682,735,2
645,757,27
620,748,7
661,787,6
800,801,11
803,806,37
800,804,35
804,805,31
800,807,16
804,806,22
801,802,6
804,807,4
801,803,4
805,802,9
801,807,30
805,806,1
802,803,29
807,805,39
802,806,20
807,802,26
802,808,37
806,809,10
810,811,39
813,816,21
810,814,6
814,815,17
810,817,30
814,816,20
811,812,28
814,817,15
811,813,3
815,812,36
811,817,36
815,816,29
812,813,33
817,815,4
812,816,18
817,812,12
812,818,34
816,819,34
804,815,36
800,816,4
802,813,18
805,815,23
801,817,22
807,816,36
805,817,31
807,815,4
800,817,14
804,812,6
801,812,35
802,817,32
801,817,11
805,816,23
805,815,31
805,815,24
802,816,11
802,816,8
802,817,20
804,813,12
800,813,25
804,816,21
802,816,29
804,815,21
807,815,38
806,814,26
803,813,22
807,817,32
805,818,20
801,816,40
820,821,34
823,826,14
820,824,30
824,825,18
820,827,13
824,826,29
821,822,3
824,827,14
821,823,40
825,822,24
821,827,12
825,826,28
822,823,22
827,825,28
822,826,32
827,822,9
822,828,6
826,829,34
814,826,23
815,829,40
814,827,11
813,827,30
812,822,30
812,823,2
812,827,40
813,821,11
814,825,24
814,822,2
811,826,23
815,826,27
811,823,33
815,824,3
812,822,5
813,823,11
811,823,27
813,826,9
817,822,2
815,821,5
812,828,9
812,821,31
811,826,25
811,828,14
814,824,18
812,822,8
810,827,18
811,825,34
812,822,38
811,824,15
830,831,8
833,836,1
830,834,24
834,835,4
830,837,31
834,836,1
831,832,35
834,837,28
831,833,6
835,832,21
831,837,40
835,836,24
832,833,17
837,835,13
832,836,5
837,832,23
832,838,31
836,839,20
822,837,15
821,832,13
827,838,37
820,832,31
820,831,10
824,835,31
822,833,23
823,832,13
823,832,40
825,833,28
821,837,37
820,839,31
820,837,1
822,833,20
824,836,12
822,837,28
822,836,24
826,835,30
825,836,9
821,835,13
827,835,38
820,833,40
821,837,18
820,833,36
825,836,29
824,832,25
820,832,19
823,836,29
825,832,15
824,832,26
840,841,25
843,846,16
840,844,4
844,845,4
840,847,27
844,846,18
841,842,16
844,847,21
841,843,2
845,842,40
841,847,38
845,846,35
842,843,6
847,845,36
842,846,24
847,842,20
842,848,34
846,849,30
831,846,14
832,842,34
837,844,36
832,843,2
834,843,3
834,844,5
835,842,15
834,842,35
834,846,25
831,846,27
831,841,36
830,846,24
834,846,36
834,846,17
832,845,26
831,847,8
835,847,1
831,847,26
830,845,16
830,845,24
834,844,2
836,847,35
832,841,17
832,841,21
832,848,2
832,848,11
836,847,22
830,842,17
832,843,39
835,843,11
850,851,12
853,856,13
850,854,27
854,855,37
850,857,38
854,856,12
851,852,37
854,857,9
851,853,21
855,852,15
851,857,18
855,856,30
852,853,9
857,855,3
852,856,10
857,852,25
852,858,31
856,859,11
840,853,14
840,852,20
847,857,4
843,851,30
842,852,34
844,859,20
840,857,22
842,854,37
844,853,33
840,857,21
841,856,17
847,857,29
840,856,18
842,855,32
842,856,36
844,856,22
846,854,5
847,854,40
840,859,5
843,858,16
846,856,28
841,852,6
841,857,5
845,852,5
845,856,11
841,858,34
844,857,40
842,851,26
847,859,9
840,856,24
860,861,13
863,866,39
860,864,32
864,865,24
860,867,2
864,866,33
861,862,5
864,867,34
861,863,23
865,862,16
861,867,31
865,866,29
862,863,26
867,865,25
862,866,10
867,862,22
862,868,18
866,869,11
850,866,8
852,866,15
855,867,36
852,865,30
851,863,40
857,862,16
855,866,14
855,869,3
852,863,28
854,865,39
850,867,6
850,864,2
851,863,37
852,865,10
854,866,7
856,861,13
855,862,18
855,866,18
854,862,24
851,867,36
857,863,5
855,863,11
850,865,16
851,869,33
850,868,37
850,869,6
850,867,24
852,867,9
854,866,37
854,865,4
870,871,29
873,876,10
870,874,14
874,875,29
870,877,28
874,876,2
871,872,40
874,877,33
871,873,18
875,872,24
871,877,5
875,876,10
872,873,26
877,875,38
872,876,14
877,872,24
872,878,22
876,879,16
867,876,13
861,876,29
862,877,23
864,871,16
862,874,21
861,876,33
862,876,11
860,876,2
860,877,31
863,872,27
861,878,4
860,872,23
862,877,13
864,877,5
861,878,31
862,876,8
862,879,9
864,877,14
865,878,18
862,875,2
862,873,22
862,878,40
865,876,7
866,876,36
866,875,38
863,876,16
866,873,25
867,876,9
864,877,35
862,876,14
880,881,15
883,886,13
880,884,18
884,885,2
880,887,11
884,886,37
881,882,25
884,887,23
881,883,2
885,882,30
881,887,26
885,886,2
882,883,7
887,885,12
882,886,10
887,882,10
882,888,28
886,889,27
876,886,39
876,886,26
873,881,6
874,887,11
877,886,10
871,887,38
874,882,20
877,882,29
871,882,34
874,882,21
871,888,2
875,888,27
870,888,39
872,886,1
872,887,21
871,881,39
871,889,11
871,886,1
874,886,39
873,884,27
876,887,33
874,886,12
871,886,1
870,886,6
874,885,10
877,882,15
877,884,16
873,885,8
872,883,13
874,883,22
890,891,35
893,896,14
890,894,29
894,895,16
890,897,32
894,896,2
891,892,40
894,897,29
891,893,2
895,892,32
891,897,3
895,896,35
892,893,39
897,895,6
892,896,23
897,892,29
892,898,6
896,899,4
882,895,39
885,896,19
884,896,37
886,893,18
882,892,40
880,896,25
882,895,11
882,892,8
882,896,10
880,892,18
885,892,21
880,897,8
884,897,32
880,896,31
884,897,15
881,893,27
881,896,25
887,897,12
885,897,36
885,892,40
884,891,8
882,899,32
886,896,26
884,896,30
881,893,31
884,899,26
880,896,5
880,893,34
880,896,1
883,892,5
700,47,28
742,864,3
743,886,24
784,869,21
771,839,19
721,812,30
764,802,21
721,827,8
720,851,26
712,876,8
735,854,20
700,16,16
784,815,11
762,878,2
720,817,16
771,812,19
711,842,35
703,67,38
752,809,39
741,833,32
704,87,19
750,817,9
734,813,11
721,843,36
776,882,2
781,852,19
701,46,27
712,815,6
722,833,7
771,815,11
725,897,15
741,859,2
766,807,21
732,892,7
700,33,8
762,842,27
762,823,38
740,861,16
747,812,32
747,842,10
761,833,14
781,887,35
732,843,15
797,856,19
714,832,4
725,812,2
763,876,33
736,888,23
730,815,32
754,888,29
794,836,5
774,815,9
786,886,31
755,867,13
731,873,25
761,811,21
700,76,12
780,833,35
740,861,24
791,886,2
723,893,27
763,815,3
765,877,12
714,845,20
747,822,14
762,846,9
713,828,34
712,847,31
784,817,36
714,841,29
793,877,40
722,826,26
762,864,14
770,863,22
772,862,3
720,895,27
732,887,37
775,896,40
777,888,13
705,16,15
776,856,25
710,895,36
776,826,29
761,812,35
752,836,19
764,843,14
732,876,37
722,856,39
785,887,17
784,857,29
717,878,6
712,865,22
770,892,32
734,815,3
781,878,16
704,43,15
734,846,24
722,897,2
715,835,30
732,842,36
765,821,29
705,86,11
740,876,11
740,877,9
727,835,16
770,823,34
792,815,14
764,858,39
776,879,12
734,816,18
772,877,26
705,67,20
770,854,2
711,873,3
750,857,3
767,823,2
742,847,18
752,843,2
735,821,18
780,866,3
782,847,33
713,872,5
742,821,8
764,863,19
712,889,28
761,897,10
734,817,19
727,833,39
774,835,7
744,817,9
743,866,18
781,826,31
715,878,20
751,872,27
751,845,39
770,818,39
770,857,36
702,67,34
742,809,2
785,826,20
772,873,16
786,826,2
771,876,17
762,892,35
753,841,19
780,886,26
782,882,14
704,41,7
751,827,19
742,892,27
742,862,39
785,892,24
774,888,6
762,887,20
785,833,40
732,866,39
786,888,16
770,867,19
760,866,17
734,873,12
706,69,27
722,863,15
711,826,11
714,857,20
746,836,5
763,816,14
745,878,38
760,843,6
780,815,3
762,875,20
710,847,26
795,823,1
762,879,4
772,893,5
782,892,11
754,897,2
746,889,14
792,899,32
737,886,5
701,56,11
783,837,24
732,802,11
712,826,8
741,819,22
723,897,8
740,867,28
761,823,7
782,827,26
735,831,1
714,866,19
711,827,37
762,857,16
771,826,15
720,818,2
767,894,26
771,881,7
765,888,5
777,882,28
701,15,13
711,843,8
785,879,2
747,883,39
780,875,40
760,897,16
705,87,4
741,854,22
734,805,35
771,852,26
721,892,17
725,834,12
750,889,1
760,857,24
722,825,32
754,805,20
757,896,8
732,847,4
780,871,35
754,877,5
752,883,8
714,848,8
764,878,21
732,861,8
762,863,8
713,816,37
734,844,12
705,96,15
720,822,18
723,837,17
711,862,6
764,877,16
725,852,4
732,848,23
762,869,10
713,895,4
742,863,26
711,832,17
760,888,30
737,802,29
780,892,9
756,807,35
772,837,2
703,28,28
752,837,29
702,56,1
762,895,10
745,814,25
794,883,13
707,56,39
761,899,20
771,886,12
784,863,28
720,896,27
784,859,24
787,856,22
740,878,22
757,876,28
763,817,40
725,856,18
775,817,7
772,815,35
715,806,22
724,816,22
701,86,12
725,837,8
761,866,20
721,885,31
704,56,33
732,816,17
760,886,5
783,852,3
707,44,10
731,832,10
704,16,19
784,816,30
764,819,11
732,884,30
722,886,31
785,829,22
784,866,35
791,882,10
735,829,2
786,883,39
702,803,817
723,879,24
724,806,22
711,846,32
781,853,19
705,16,21
737,851,39
774,892,10
710,887,9
722,842,24
740,896,34
702,19,15
782,832,13
700,86,25
702,47,12
744,806,28
755,863,14
774,821,38
900,901,12
903,906,9
900,904,36
904,905,8
900,907,32
904,906,17
901,902,18
904,907,36
901,903,17
905,902,2
901,907,26
905,906,23
902,903,10
907,905,29
902,906,6
907,902,4
902,908,20
906,909,24
910,911,36
913,916,15
910,914,37
914,915,30
910,917,38
914,916,23
911,912,10
914,917,9
911,913,8
915,912,4
911,917,25
915,916,38
912,913,10
917,915,15
912,916,22
917,912,10
912,918,28
916,919,40
904,915,23
900,916,36
902,913,6
905,915,10
901,917,38
907,916,14
905,917,33
907,915,39
900,917,30
904,912,16
901,912,10
902,917,22
901,917,33
905,916,16
905,915,14
905,915,35
902,916,13
902,916,35
902,917,3
904,913,20
900,913,34
904,916,30
902,916,1
904,915,17
907,915,4
906,914,35
903,913,23
907,917,21
905,918,23
901,916,14
920,921,6
923,926,12
920,924,31
924,925,32
920,927,34
924,926,6
921,922,17
924,927,37
921,923,20
925,922,39
921,927,31
925,926,18
922,923,13
927,925,27
922,926,35
927,922,33
922,928,30
926,929,7
914,926,37
915,929,16
914,927,25
913,927,16
912,922,12
912,923,25
912,927,30
913,921,18
914,925,14
914,922,7
911,926,22
915,926,31
911,923,36
915,924,30
912,922,17
913,923,3
911,923,10
913,926,19
917,922,18
915,921,34
912,928,32
912,921,20
911,926,21
911,928,14
914,924,11
912,922,38
910,927,19
911,925,28
912,922,21
911,924,7
930,931,21
933,936,5
930,934,12
934,935,24
930,937,11
934,936,36
931,932,18
934,937,14
931,933,27
935,932,13
931,937,25
935,936,35
932,933,35
937,935,28
932,936,3
937,932,29
932,938,31
936,939,6
922,937,1
921,932,27
927,938,5
920,932,4
920,931,30
924,935,11
922,933,10
923,932,17
923,932,33
925,933,8
921,937,35
920,939,8
920,937,4
922,933,6
924,936,10
922,937,23
922,936,40
926,935,5
925,936,38
921,935,36
927,935,16
920,933,20
921,937,32
920,933,27
925,936,33
924,932,34
920,932,3
923,936,13
925,932,24
924,932,1
940,941,35
943,946,15
940,944,36
944,945,10
940,947,19
944,946,9
941,942,29
944,947,24
941,943,7
945,942,12
941,947,31
945,946,30
942,943,7
947,945,26
942,946,13
947,942,31
942,948,5
946,949,2
931,946,11
932,942,23
937,944,32
932,943,22
934,943,19
934,944,20
935,942,9
934,942,6
934,946,20
931,946,34
931,941,31
930,946,24
934,946,13
934,946,28
932,945,23
931,947,4
935,947,27
931,947,39
930,945,26
930,945,35
934,944,10
936,947,40
932,941,7
932,941,28
932,948,34
932,948,27
936,947,8
930,942,14
932,943,23
935,943,10
950,951,37
953,956,19
950,954,4
954,955,40
950,957,36
954,956,28
951,952,7
954,957,8
951,953,37
955,952,13
951,957,29
955,956,31
952,953,35
957,955,39
952,956,13
957,952,16
952,958,38
956,959,40
940,953,39
940,952,5
947,957,33
943,951,32
942,952,7
944,959,25
940,957,6
942,954,28
944,953,38
940,957,37
941,956,7
947,957,23
940,956,13
942,955,4
942,956,37
944,956,28
946,954,31
947,954,29
940,959,17
943,958,39
946,956,15
941,952,38
941,957,30
945,952,1
945,956,7
941,958,19
944,957,12
942,951,3
947,959,16
940,956,13
960,961,31
963,966,1
960,964,13
964,965,39
960,967,22
964,966,7
961,962,24
964,967,40
961,963,25
965,962,17
961,967,15
965,966,38
962,963,26
967,965,26
962,966,33
967,962,40
962,968,1
966,969,9
950,966,5
952,966,39
955,967,28
952,965,24
951,963,26
957,962,19
955,966,37
955,969,14
952,963,20
954,965,22
950,967,10
950,964,11
951,963,3
952,965,17
954,966,31
956,961,7
955,962,23
955,966,16
954,962,22
951,967,37
957,963,29
955,963,30
950,965,33
951,969,11
950,968,6
950,969,10
950,967,29
952,967,8
954,966,27
954,965,3
970,971,4
973,976,8
970,974,2
974,975,12
970,977,35
974,976,2
971,972,37
974,977,6
971,973,6
975,972,34
971,977,28
975,976,17
972,973,34
977,975,21
972,976,11
977,972,16
972,978,35
976,979,19
967,976,24
961,976,23
962,977,35
964,971,38
962,974,26
961,976,17
962,976,35
960,976,12
960,977,24
963,972,17
961,978,13
960,972,21
962,977,18
964,977,37
961,978,37
962,976,23
962,979,36
964,977,15
965,978,2
962,975,6
962,973,27
962,978,6
965,976,39
966,976,10
966,975,14
963,976,14
966,973,26
967,976,6
964,977,13
962,976,40
980,981,39
983,986,4
980,984,1
984,985,12
980,987,37
984,986,34
981,982,39
984,987,34
981,983,29
985,982,12
981,987,32
985,986,2
982,983,25
987,985,20
982,986,10
987,982,10
982,988,29
986,989,9
976,986,3
976,986,31
973,981,39
974,987,34
977,986,5
971,987,7
974,982,9
977,982,2
971,982,21
974,982,2
971,988,26
975,988,7
970,988,16
972,986,8
972,987,28
971,981,11
971,989,8
971,986,36
974,986,37
973,984,15
976,987,20
974,986,8
971,986,28
970,986,34
974,985,29
977,982,22
977,984,2
973,985,11
972,983,32
974,983,31
990,991,39
993,996,5
990,994,25
994,995,14
990,997,7
994,996,2
991,992,24
994,997,18
991,993,22
995,992,27
991,997,40
995,996,11
992,993,13
997,995,30
992,996,6
997,992,36
992,998,36
996,999,6
982,995,39
985,996,23
984,996,24
986,993,16
982,992,26
980,996,34
982,995,28
982,992,9
982,996,3
980,992,19
985,992,12
980,997,31
984,997,7
980,996,16
984,997,39
981,993,40
981,996,13
987,997,1
985,997,40
985,992,38
984,991,28
982,999,19
986,996,37
984,996,15
981,993,31
984,999,26
980,996,34
980,993,31
980,996,20
983,992,13
867,956,13
874,955,12
841,975,6
802,42,11
862,978,21
891,925,32
842,992,15
895,996,14
844,941,4
860,923,6
841,985,12
892,935,32
882,973,12
850,967,21
835,933,32
822,962,35
883,952,34
850,951,35
834,927,39
874,925,9
830,961,9
863,916,26
805,95,23
861,937,29
850,916,3
884,966,11
832,952,25
813,932,21
855,917,25
834,917,24
824,937,14
840,977,13
804,56,31
815,924,17
847,922,4
840,986,29
814,944,34
832,927,13
870,921,34
861,955,28
814,952,29
866,952,17
815,946,17
815,977,24
831,976,29
836,937,38
804,23,28
877,943,12
832,963,4
873,946,14
844,967,19
824,905,35
804,54,20
815,967,5
842,932,1
850,914,40
820,963,1
861,967,15
840,901,18
800,73,16
805,82,27
821,933,27
831,996,21
825,956,26
805,51,6
830,974,1
837,925,2
870,986,36
855,967,26
864,924,6
813,953,35
882,966,14
825,946,2
804,902,940
872,915,33
823,982,37
890,925,24
890,956,33
890,977,3
811,993,10
801,37,38
802,53,30
820,937,16
884,996,4
840,906,25
891,966,24
892,974,24
812,926,27
813,947,38
880,918,29
871,943,39
841,941,4
864,998,1
800,92,16
822,922,7
831,956,23
856,939,10
801,97,29
852,966,35
832,946,25
882,952,33
885,987,26
840,986,35
871,979,40
824,947,22
834,951,31
854,939,16
826,976,38
871,916,28
861,953,13
805,72,34
862,995,6
840,916,36
852,963,37
861,943,13
897,976,34
802,82,19
811,933,40
884,996,33
852,916,25
801,57,9
850,966,13
884,973,5
864,952,5
825,932,23
821,916,33
823,929,6
804,35,33
847,997,31
831,989,16
885,962,35
850,996,11
814,923,5
844,923,16
814,921,10
850,956,35
852,945,10
845,985,3
857,963,23
862,909,1
871,996,3
811,947,24
801,24,27
824,968,23
831,932,1
805,97,21
815,945,36
847,909,21
803,85,3
804,35,37
895,957,2
855,943,10
804,48,20
862,977,11
831,992,24
821,926,8
872,922,20
825,928,5
832,997,13
806,16,7
882,946,20
826,932,22
813,996,21
836,959,3
880,942,36
824,976,6
872,933,5
832,915,17
842,951,5
832,922,37
812,964,18
850,905,37
867,923,20
851,916,17
850,996,39
881,973,10
820,976,38
884,956,27
874,945,30
854,982,40
812,996,35
812,992,29
867,946,37
872,943,24
803,25,29
840,902,32
840,959,2
882,997,27
822,996,11
820,945,33
867,932,32
867,962,26
805,88,33
892,943,20
871,992,1
852,986,8
897,923,5
820,906,2
851,982,38
826,965,18
825,933,2
874,917,14
802,41,39
863,942,13
875,996,20
865,996,40
802,97,18
820,915,33
882,942,34
850,952,12
884,922,24
872,947,32
841,958,16
822,956,7
812,946,40
892,915,40
814,916,7
825,944,28
881,972,28
801,25,17
874,956,30
872,992,19
852,976,8
816,918,15
855,916,25
803,16,37
865,935,24
847,946,14
814,963,37
820,996,3
847,999,40
886,936,20
860,974,20
854,997,35
827,946,10
835,973,26
821,948,39
815,972,36
811,904,16
867,997,6
825,967,34
840,982,11
831,997,28
805,45,39
870,917,34
855,984,18
865,992,10
845,965,40
800,24,26
805,17,17
840,943,18
821,956,26
885,986,5
837,952,18
810,907,24
813,942,17
822,906,26
881,959,13
822,923,16
874,943,6
844,975,27
885,992,1
864,991,17
834,988,20
851,926,18
812,972,20
866,904,25
811,997,23
874,983,12
835,957,21
866,958,39
807,53,16
810,923,39
804,32,12
835,966,31
861,987,9
871,921,20
852,907,10
864,937,35
834,948,9
812,917,20
871,926,12
837,925,18
854,976,32
814,984,15
855,942,16
811,985,18
884,972,15
830,963,10
811,955,16
881,957,7
864,913,39
861,926,10
881,972,22
812,978,6
815,996,10
814,915,5
804,44,36
814,996,6
854,913,36
