0,1,15
3,6,3
0,4,14
4,5,35
0,7,35
4,6,26
1,2,20
4,7,19
1,3,35
5,2,14
1,7,24
5,6,40
2,3,28
7,5,5
2,6,18
7,2,17
2,8,15
6,9,38
10,11,25
13,16,36
10,14,28
14,15,38
10,17,40
14,16,30
11,12,5
14,17,19
11,13,18
15,12,18
11,17,6
15,16,39
12,13,16
17,15,29
12,16,3
17,12,15
12,18,31
16,19,16
1,16,29
1,14,22
1,17,40
2,15,5
2,13,19
5,14,32
1,17,5
7,16,23
0,17,9
0,13,40
1,12,4
1,16,26
7,15,1
0,17,36
6,12,13
5,12,28
6,16,27
3,12,23
1,12,11
0,16,9
5,16,21
3,17,4
1,18,11
7,16,14
0,15,20
1,16,25
5,16,34
4,19,4
7,14,27
0,15,30
20,21,38
23,26,39
20,24,28
24,25,12
20,27,6
24,26,2
21,22,15
24,27,14
21,23,24
25,22,36
21,27,30
25,26,35
22,23,26
27,25,33
22,26,39
27,22,19
22,28,7
26,29,4
17,25,31
12,26,4
17,26,19
17,26,25
11,26,20
16,27,3
10,25,38
15,27,40
11,21,24
10,23,37
12,23,35
16,25,10
11,26,23
10,22,23
14,23,22
14,23,29
17,27,7
16,26,33
11,22,30
11,23,8
10,26,5
10,22,7
14,25,13
10,25,4
14,22,33
11,21,2
17,29,14
14,28,25
10,24,33
12,26,27
30,31,32
33,36,26
30,34,12
34,35,5
30,37,16
34,36,26
31,32,37
34,37,15
31,33,39
35,32,19
31,37,33
35,36,22
32,33,11
37,35,29
32,36,30
37,32,22
32,38,19
36,39,9
24,37,34
20,37,26
22,33,8
20,36,39
23,31,10
22,37,5
24,33,21
27,38,30
24,38,40
20,32,22
27,38,34
23,37,40
24,34,24
26,37,38
27,35,35
20,38,26
23,36,13
27,36,17
21,36,16
20,37,15
21,38,16
20,35,17
22,33,14
21,31,34
23,39,10
25,34,17
20,37,18
27,31,28
21,32,24
22,38,6
40,41,14
43,46,3
40,44,7
44,45,29
40,47,2
44,46,39
41,42,6
44,47,15
41,43,15
45,42,20
41,47,16
45,46,33
42,43,17
47,45,38
42,46,28
47,42,23
42,48,28
46,49,11
31,47,19
32,43,14
31,43,40
31,47,7
30,46,5
37,47,14
32,46,30
36,46,4
35,46,27
30,42,23
32,46,5
31,47,34
30,46,28
32,41,38
35,45,20
35,45,13
33,45,38
37,49,25
35,42,39
32,45,30
34,45,16
32,42,11
37,42,5
32,46,39
36,49,23
35,46,6
35,46,27
34,45,32
35,45,15
35,47,7
50,51,15
53,56,15
50,54,22
54,55,3
50,57,38
54,56,38
51,52,35
54,57,40
51,53,25
55,52,32
51,57,32
55,56,20
52,53,25
57,55,3
52,56,27
57,52,2
52,58,19
56,59,38
47,55,2
45,54,34
42,55,19
42,52,29
43,56,27
47,53,3
43,56,35
41,57,16
46,55,15
43,59,1
44,53,33
42,57,10
42,53,6
47,57,11
40,52,18
44,52,39
40,52,21
42,57,6
41,58,12
47,53,26
41,52,20
45,55,4
40,59,12
42,52,24
45,55,20
41,57,32
47,51,24
46,55,10
40,55,6
45,56,38
60,61,1
63,66,13
60,64,9
64,65,36
60,67,30
64,66,34
61,62,16
64,67,18
61,63,22
65,62,17
61,67,27
65,66,9
62,63,15
67,65,25
62,66,35
67,62,3
62,68,8
66,69,9
55,62,7
54,67,36
50,65,28
52,63,30
51,65,27
57,61,26
54,61,36
50,66,28
54,66,4
56,65,11
52,67,7
52,66,8
50,64,1
51,65,25
57,65,31
55,66,27
52,62,12
57,67,25
57,62,2
56,66,8
55,63,19
50,64,9
57,67,26
50,67,11
50,61,39
50,62,40
57,62,10
51,61,20
51,67,1
51,67,3
70,71,9
73,76,34
70,74,9
74,75,23
70,77,37
74,76,39
71,72,3
74,77,1
71,73,22
75,72,2
71,77,40
75,76,39
72,73,21
77,75,5
72,76,31
77,72,18
72,78,21
76,79,37
65,76,14
67,79,22
60,75,33
62,77,25
64,75,13
65,78,2
60,77,6
63,73,23
64,75,18
60,74,40
67,72,32
60,77,32
61,79,35
61,75,7
62,73,40
61,77,7
67,73,1
65,72,35
60,72,12
62,77,27
61,76,32
65,77,37
67,76,1
61,72,5
62,76,12
64,73,14
61,75,7
67,73,25
60,72,23
62,78,10
80,81,13
83,86,23
80,84,35
84,85,34
80,87,3
84,86,24
81,82,29
84,87,11
81,83,39
85,82,35
81,87,16
85,86,1
82,83,17
87,85,31
82,86,5
87,82,34
82,88,7
86,89,39
75,84,11
71,86,12
76,87,5
73,86,20
72,87,3
75,86,20
71,83,5
77,87,5
75,86,11
74,85,2
74,86,3
71,86,8
70,88,37
74,82,32
70,81,38
71,84,11
70,82,38
71,87,22
75,82,25
74,86,38
70,85,5
72,88,22
76,85,32
77,81,1
72,87,14
75,85,11
71,86,30
72,88,9
74,88,3
72,83,11
90,91,40
93,96,21
90,94,4
94,95,3
90,97,31
94,96,30
91,92,35
94,97,5
91,93,4
95,92,15
91,97,29
95,96,23
92,93,36
97,95,18
92,96,18
97,92,20
92,98,36
96,99,1
87,96,33
84,98,15
80,98,39
87,97,6
86,98,39
87,95,11
85,96,9
84,97,28
87,93,32
87,96,20
81,92,25
85,96,40
85,99,34
81,93,26
80,97,3
81,99,40
81,92,10
81,95,25
81,96,13
85,96,35
85,94,10
80,96,3
82,93,22
80,94,8
81,96,31
84,92,25
81,96,2
83,96,23
81,97,19
82,96,1
100,101,40
103,106,4
100,104,25
104,105,1
100,107,37
104,106,11
101,102,16
104,107,19
101,103,29
105,102,11
101,107,29
105,106,12
102,103,25
107,105,24
102,106,33
107,102,21
102,108,37
106,109,35
110,111,12
113,116,26
110,114,31
114,115,9
110,117,5
114,116,16
111,112,40
114,117,31
111,113,38
115,112,11
111,117,10
115,116,33
112,113,17
117,115,12
112,116,38
117,112,22
112,118,13
116,119,19
101,116,39
101,114,1
101,117,21
102,115,10
102,113,34
105,114,34
101,117,1
107,116,21
100,117,36
100,113,21
101,112,37
101,116,4
107,115,24
100,117,36
106,112,39
105,112,31
106,116,10
103,112,24
101,112,2
100,116,3
105,116,7
103,117,19
101,118,4
107,116,10
100,115,30
101,116,32
105,116,34
104,119,1
107,114,24
100,115,24
120,121,36
123,126,34
120,124,18
124,125,24
120,127,1
124,126,2
121,122,20
124,127,11
121,123,24
125,122,29
121,127,10
125,126,6
122,123,27
127,125,36
122,126,22
127,122,9
122,128,36
126,129,13
117,125,24
112,126,8
117,126,25
117,126,1
111,126,29
116,127,18
110,125,39
115,127,32
111,121,16
110,123,16
112,123,25
116,125,31
111,126,9
110,122,17
114,123,38
114,123,19
117,127,8
116,126,37
111,122,18
111,123,21
110,126,28
110,122,32
114,125,37
110,125,29
114,122,15
111,121,21
117,129,16
114,128,13
110,124,9
112,126,7
130,131,15
133,136,40
130,134,5
134,135,7
130,137,6
134,136,3
131,132,19
134,137,7
131,133,11
135,132,16
131,137,8
135,136,17
132,133,11
137,135,1
132,136,17
137,132,38
132,138,22
136,139,9
124,137,25
120,137,7
122,133,39
120,136,18
123,131,40
122,137,26
124,133,26
127,138,8
124,138,6
120,132,34
127,138,33
123,137,21
124,134,32
126,137,23
127,135,40
120,138,4
123,136,22
127,136,28
121,136,12
120,137,8
121,138,3
120,135,23
122,133,27
121,131,1
123,139,8
125,134,8
120,137,3
127,131,29
121,132,26
122,138,23
140,141,25
143,146,4
140,144,22
144,145,5
140,147,33
144,146,37
141,142,35
144,147,24
141,143,1
145,142,7
141,147,20
145,146,38
142,143,16
147,145,16
142,146,22
147,142,32
142,148,7
146,149,28
131,147,39
132,143,13
131,143,39
131,147,37
130,146,39
137,147,25
132,146,36
136,146,35
135,146,35
130,142,39
132,146,34
131,147,30
130,146,16
132,141,38
135,145,17
135,145,23
133,145,40
137,149,12
135,142,1
132,145,10
134,145,10
132,142,7
137,142,2
132,146,15
136,149,11
135,146,18
135,146,30
134,145,19
135,145,35
135,147,30
150,151,28
153,156,8
150,154,39
154,155,26
150,157,30
154,156,9
151,152,34
154,157,29
151,153,21
155,152,7
151,157,39
155,156,31
152,153,23
157,155,4
152,156,21
157,152,9
152,158,31
156,159,11
147,155,8
145,154,6
142,155,17
142,152,5
143,156,2
147,153,32
143,156,32
141,157,19
146,155,31
143,159,31
144,153,18
142,157,21
142,153,16
147,157,36
140,152,39
144,152,17
140,152,18
142,157,31
141,158,16
147,153,25
141,152,31
145,155,1
140,159,19
142,152,4
145,155,18
141,157,15
147,151,38
146,155,31
140,155,34
145,156,29
160,161,20
163,166,34
160,164,19
164,165,13
160,167,36
164,166,22
161,162,22
164,167,35
161,163,40
165,162,26
161,167,36
165,166,7
162,163,29
167,165,16
162,166,17
167,162,28
162,168,14
166,169,32
155,162,20
154,167,2
150,165,8
152,163,13
151,165,21
157,161,18
154,161,36
150,166,1
154,166,19
156,165,9
152,167,30
152,166,18
150,164,24
151,165,40
157,165,13
155,166,30
152,162,8
157,167,8
157,162,35
156,166,22
155,163,1
150,164,26
157,167,40
150,167,20
150,161,12
150,162,11
157,162,11
151,161,14
151,167,35
151,167,8
170,171,13
173,176,35
170,174,34
174,175,1
170,177,35
174,176,27
171,172,12
174,177,23
171,173,21
175,172,17
171,177,18
175,176,10
172,173,8
177,175,23
172,176,5
177,172,34
172,178,12
176,179,39
165,176,9
167,179,35
160,175,38
162,177,32
164,175,19
165,178,11
160,177,17
163,173,12
164,175,23
160,174,13
167,172,20
160,177,25
161,179,1
161,175,16
162,173,8
161,177,22
167,173,20
165,172,28
160,172,12
162,177,16
161,176,4
165,177,16
167,176,15
161,172,39
162,176,37
164,173,12
161,175,37
167,173,25
160,172,25
162,178,14
180,181,23
183,186,37
180,184,34
184,185,26
180,187,33
184,186,20
181,182,4
184,187,27
181,183,8
185,182,11
181,187,13
185,186,12
182,183,33
187,185,36
182,186,35
187,182,22
182,188,2
186,189,37
175,184,16
171,186,34
176,187,16
173,186,38
172,187,23
175,186,19
171,183,14
177,187,22
175,186,23
174,185,34
174,186,26
171,186,7
170,188,14
174,182,7
170,181,23
171,184,30
170,182,10
171,187,35
175,182,38
174,186,26
170,185,26
172,188,12
176,185,12
177,181,19
172,187,19
175,185,29
171,186,37
172,188,30
174,188,22
172,183,1
190,191,24
193,196,18
190,194,16
194,195,7
190,197,11
194,196,25
191,192,34
194,197,15
191,193,31
195,192,13
191,197,24
195,196,35
192,193,4
197,195,14
192,196,9
197,192,21
192,198,37
196,199,1
187,196,15
184,198,28
180,198,28
187,197,30
186,198,25
187,195,1
185,196,40
184,197,27
187,193,39
187,196,24
181,192,4
185,196,5
185,199,2
181,193,19
180,197,3
181,199,6
181,192,24
181,195,33
181,196,37
185,196,9
185,194,33
180,196,20
182,193,32
180,194,29
181,196,31
184,192,22
181,196,18
183,196,11
181,197,34
182,196,17
32,143,22
35,167,2
91,123,23
94,107,37
16,175,28
20,128,31
23,146,18
61,173,10
32,115,39
45,137,38
27,177,40
80,115,11
35,129,29
22,196,16
5,132,7
51,192,1
50,115,30
15,115,24
10,146,32
70,172,27
97,181,35
34,102,26
12,195,3
11,166,17
50,196,7
30,145,20
22,191,21
51,105,29
61,123,35
85,177,4
62,127,24
44,147,5
54,154,32
32,166,14
45,143,15
6,183,3
80,194,40
17,196,22
22,147,8
82,166,29
17,126,22
97,144,4
23,146,12
47,138,7
51,173,2
0,116,40
31,176,35
0,186,12
46,162,38
54,185,21
70,167,23
55,177,12
22,142,14
82,166,29
61,166,23
3,178,2
11,176,5
5,113,11
92,182,14
25,122,13
34,137,34
85,142,15
7,196,1
47,117,10
0,193,38
26,185,8
84,183,9
61,145,36
20,176,31
70,194,31
37,195,30
44,133,8
27,163,28
50,195,7
90,153,39
27,145,25
52,141,26
76,167,29
36,146,8
52,196,4
51,167,37
74,196,32
11,157,9
64,197,4
31,162,15
83,146,26
36,166,23
75,142,1
12,106,34
21,133,17
61,149,10
81,106,23
75,196,10
74,159,19
42,153,3
84,138,3
84,125,32
22,197,9
16,187,40
80,173,16
22,183,28
57,177,27
42,102,20
23,186,11
20,152,14
43,126,18
27,146,36
32,124,14
77,178,21
70,104,3
74,114,6
56,146,12
35,186,30
6,126,5
70,196,23
90,136,32
51,142,11
85,177,24
14,123,33
1,166,29
20,156,6
1,137,1
67,176,20
94,186,22
15,121,8
63,122,9
12,127,35
40,186,13
51,178,14
45,192,21
21,157,16
86,157,17
75,198,31
51,185,20
41,156,34
32,152,22
80,126,2
52,143,19
26,112,13
47,109,24
43,126,26
73,155,37
84,158,23
45,177,31
76,135,5
87,132,16
53,196,40
57,184,2
23,146,19
40,137,22
40,136,32
93,123,36
37,116,9
46,133,26
52,137,6
27,137,20
84,156,30
50,182,34
32,171,18
43,177,35
94,158,23
7,152,3
10,193,33
50,172,40
40,172,35
5,136,5
75,175,38
50,137,25
1,145,38
41,186,32
92,141,6
40,112,38
47,137,37
14,185,13
1,126,11
61,177,39
12,177,34
22,157,23
71,196,9
52,155,11
20,185,28
35,175,35
22,142,5
61,185,18
82,107,37
40,167,39
31,151,24
91,189,30
67,197,28
45,185,26
97,177,36
23,122,13
45,193,3
17,145,27
67,196,36
37,117,7
96,167,11
4,116,32
40,126,29
5,126,24
24,195,6
27,159,22
32,175,19
35,155,8
44,197,15
2,157,39
73,199,5
46,143,18
2,155,15
70,196,29
52,175,27
55,181,31
31,122,23
76,119,23
60,178,14
16,115,26
47,167,4
1,158,36
31,182,32
23,147,5
20,167,11
85,134,38
52,114,8
21,199,3
61,145,36
94,181,22
70,172,1
90,155,36
71,136,9
43,154,3
46,173,29
40,165,18
27,142,23
41,186,39
14,162,7
71,134,38
35,192,2
16,169,35
35,115,33
32,138,12
26,167,19
87,127,10
46,146,5
57,136,30
71,199,18
10,183,31
27,134,4
42,142,9
12,143,5
61,168,9
0,117,40
61,159,6
35,135,12
75,187,4
74,199,19
50,196,24
36,115,15
61,198,13
15,178,6
60,186,1
87,141,30
65,112,27
40,198,21
46,103,5
84,138,38
71,134,13
75,127,1
40,183,9
54,197,21
42,121,28
15,117,3
42,137,28
50,196,37
16,138,35
20,155,38
35,196,36
14,186,29
85,196,6
93,112,36
60,129,3
80,139,24
77,105,37
91,195,3
54,166,4
10,188,18
61,128,23
54,149,18
31,196,13
71,142,28
95,196,19
46,133,27
50,133,40
21,153,15
71,163,33
41,112,4
50,112,2
71,175,39
35,172,17
17,192,10
76,177,36
200,201,28
203,206,20
200,204,15
204,205,25
200,207,34
204,206,30
201,202,12
204,207,5
201,203,25
205,202,14
201,207,40
205,206,35
202,203,40
207,205,30
202,206,1
207,202,30
202,208,6
206,209,7
210,211,30
213,216,28
210,214,3
214,215,34
210,217,29
214,216,34
211,212,29
214,217,31
211,213,36
215,212,6
211,217,22
215,216,34
212,213,35
217,215,1
212,216,13
217,212,29
212,218,29
216,219,6
201,216,12
201,214,14
201,217,17
202,215,37
202,213,27
205,214,14
201,217,4
207,216,40
200,217,15
200,213,36
201,212,10
201,216,10
207,215,2
200,217,29
206,212,12
205,212,23
206,216,27
203,212,7
201,212,32
200,216,40
205,216,12
203,217,25
201,218,4
207,216,21
200,215,7
201,216,39
205,216,26
204,219,13
207,214,27
200,215,26
220,221,38
223,226,32
220,224,5
224,225,22
220,227,25
224,226,23
221,222,13
224,227,11
221,223,20
225,222,12
221,227,1
225,226,23
222,223,35
227,225,27
222,226,30
227,222,40
222,228,33
226,229,10
217,225,38
212,226,4
217,226,31
217,226,30
211,226,35
216,227,26
210,225,18
215,227,37
211,221,8
210,223,15
212,223,6
216,225,32
211,226,12
210,222,13
214,223,1
214,223,6
217,227,36
216,226,27
211,222,17
211,223,10
210,226,34
210,222,26
214,225,8
210,225,34
214,222,12
211,221,14
217,229,5
214,228,1
210,224,33
212,226,22
230,231,1
233,236,30
230,234,28
234,235,29
230,237,25
234,236,34
231,232,18
234,237,35
231,233,19
235,232,31
231,237,12
235,236,30
232,233,3
237,235,1
232,236,22
237,232,21
232,238,12
236,239,40
224,237,2
220,237,22
222,233,17
220,236,16
223,231,14
222,237,13
224,233,17
227,238,36
224,238,16
220,232,4
227,238,39
223,237,24
224,234,6
226,237,3
227,235,27
220,238,27
223,236,23
227,236,29
221,236,1
220,237,18
221,238,28
220,235,17
222,233,6
221,231,40
223,239,27
225,234,34
220,237,38
227,231,16
221,232,38
222,238,31
240,241,25
243,246,34
240,244,25
244,245,1
240,247,1
244,246,33
241,242,3
244,247,37
241,243,3
245,242,1
241,247,29
245,246,26
242,243,38
247,245,29
242,246,29
247,242,20
242,248,19
246,249,1
231,247,24
232,243,16
231,243,7
231,247,17
230,246,40
237,247,5
232,246,22
236,246,10
235,246,7
230,242,30
232,246,30
231,247,6
230,246,15
232,241,33
235,245,36
235,245,26
233,245,20
237,249,38
235,242,11
232,245,7
234,245,22
232,242,34
237,242,18
232,246,31
236,249,15
235,246,32
235,246,6
234,245,13
235,245,1
235,247,38
250,251,11
253,256,12
250,254,34
254,255,31
250,257,16
254,256,2
251,252,35
254,257,13
251,253,35
255,252,14
251,257,28
255,256,27
252,253,5
257,255,26
252,256,5
257,252,23
252,258,9
256,259,9
247,255,12
245,254,30
242,255,22
242,252,16
243,256,9
247,253,17
243,256,12
241,257,37
246,255,13
243,259,12
244,253,38
242,257,14
242,253,17
247,257,34
240,252,34
244,252,40
240,252,13
242,257,30
241,258,15
247,253,27
241,252,34
245,255,12
240,259,13
242,252,1
245,255,19
241,257,23
247,251,1
246,255,17
240,255,39
245,256,12
260,261,12
263,266,13
260,264,21
264,265,20
260,267,36
264,266,7
261,262,7
264,267,39
261,263,8
265,262,14
261,267,36
265,266,32
262,263,25
267,265,21
262,266,3
267,262,10
262,268,10
266,269,25
255,262,38
254,267,26
250,265,31
252,263,29
251,265,21
257,261,24
254,261,16
250,266,7
254,266,19
256,265,4
252,267,2
252,266,31
250,264,12
251,265,6
257,265,32
255,266,27
252,262,31
257,267,6
257,262,36
256,266,4
255,263,28
250,264,9
257,267,15
250,267,40
250,261,36
250,262,2
257,262,9
251,261,2
251,267,10
251,267,14
270,271,30
273,276,23
270,274,9
274,275,26
270,277,13
274,276,25
271,272,8
274,277,28
271,273,7
275,272,7
271,277,7
275,276,14
272,273,36
277,275,23
272,276,14
277,272,34
272,278,15
276,279,20
265,276,40
267,279,11
260,275,28
262,277,16
264,275,24
265,278,26
260,277,22
263,273,8
264,275,10
260,274,11
267,272,6
260,277,18
261,279,37
261,275,28
262,273,31
261,277,5
267,273,24
265,272,36
260,272,32
262,277,34
261,276,38
265,277,28
267,276,25
261,272,35
262,276,38
264,273,4
261,275,35
267,273,25
260,272,15
262,278,4
280,281,9
283,286,8
280,284,34
284,285,13
280,287,37
284,286,5
281,282,39
284,287,22
281,283,12
285,282,19
281,287,38
285,286,23
282,283,38
287,285,12
282,286,11
287,282,17
282,288,18
286,289,6
275,284,28
271,286,3
276,287,11
273,286,24
272,287,8
275,286,14
271,283,12
277,287,35
275,286,17
274,285,37
274,286,16
271,286,32
270,288,11
274,282,11
270,281,23
271,284,36
270,282,15
271,287,4
275,282,38
274,286,32
270,285,22
272,288,27
276,285,37
277,281,32
272,287,27
275,285,11
271,286,8
272,288,6
274,288,16
272,283,17
290,291,6
293,296,16
290,294,23
294,295,1
290,297,37
294,296,3
291,292,7
294,297,9
291,293,24
295,292,2
291,297,20
295,296,39
292,293,21
297,295,12
292,296,20
297,292,30
292,298,8
296,299,3
287,296,29
284,298,4
280,298,15
287,297,8
286,298,9
287,295,39
285,296,6
284,297,7
287,293,11
287,296,1
281,292,21
285,296,26
285,299,24
281,293,11
280,297,1
281,299,21
281,292,33
281,295,34
281,296,13
285,296,20
285,294,16
280,296,19
282,293,12
280,294,5
281,296,34
284,292,24
281,296,31
283,296,28
281,297,6
282,296,33
101,35,24
162,286,7
170,246,5
145,227,40
114,262,2
181,212,21
194,287,23
103,22,28
124,263,17
164,262,37
150,262,35
145,241,4
125,287,32
150,239,35
132,214,32
111,225,33
145,221,1
121,276,38
151,225,29
191,286,23
111,286,25
171,226,12
130,261,4
154,287,10
104,82,17
141,298,21
161,217,7
152,256,29
116,295,19
143,273,16
171,252,7
162,298,36
124,263,1
120,237,27
132,225,5
140,298,30
133,214,26
111,246,17
195,212,6
141,255,9
100,46,34
161,252,17
112,283,14
192,267,11
107,27,1
173,221,36
107,63,28
186,255,29
142,246,33
110,265,1
145,245,26
175,212,15
174,229,4
156,245,15
136,222,5
120,236,9
160,277,34
106,78,14
106,37,36
152,265,28
101,99,24
181,293,3
101,65,1
101,23,35
174,266,22
145,216,40
174,247,1
163,277,37
191,286,7
192,215,34
172,296,35
185,253,19
103,55,7
146,282,14
105,25,3
121,227,10
134,235,18
123,235,3
101,47,33
185,227,33
171,234,17
131,248,21
157,225,24
140,267,9
154,277,21
174,296,17
104,67,3
124,266,14
181,202,34
161,268,1
197,246,18
116,259,34
120,292,2
120,215,27
182,212,2
145,247,26
102,66,26
154,262,3
147,227,1
150,297,19
181,271,3
124,265,11
122,247,14
193,277,12
182,202,9
100,15,12
124,212,16
105,66,9
181,283,16
151,297,34
160,256,30
177,277,35
151,282,22
131,299,16
105,63,16
182,229,10
184,232,22
112,258,39
182,221,34
112,217,39
121,226,11
137,238,28
155,247,34
142,271,8
152,216,35
170,217,2
147,248,17
154,265,19
181,287,13
107,13,27
135,248,20
153,221,13
165,258,32
100,82,31
184,232,9
114,234,30
121,273,4
111,243,23
141,236,9
123,265,15
112,297,40
182,212,15
100,45,29
120,278,20
115,224,22
137,252,19
123,245,36
171,298,1
125,236,1
120,259,27
140,237,40
162,272,6
196,296,5
160,242,29
177,226,40
144,246,37
187,275,27
180,245,32
150,243,27
110,213,9
176,279,11
100,36,37
174,213,10
172,283,3
181,223,6
140,252,21
124,265,5
151,284,30
132,235,9
167,293,2
127,229,27
164,237,29
143,283,33
150,228,32
150,234,18
117,277,40
167,275,29
182,286,39
106,33,35
180,226,6
195,255,1
165,252,33
111,238,23
167,282,5
121,237,34
114,296,30
101,66,6
150,263,26
195,267,10
171,297,20
155,252,19
165,282,25
124,245,13
125,221,30
153,253,18
152,266,23
191,214,9
195,285,37
190,275,12
106,36,29
122,266,25
147,272,29
176,217,10
155,212,13
142,245,27
117,225,17
177,246,6
191,256,14
153,256,3
154,286,9
137,227,20
141,216,29
134,266,35
142,236,17
131,257,5
121,265,11
142,249,10
162,217,10
124,257,7
110,215,32
147,213,4
161,257,1
162,267,8
116,279,15
124,216,20
112,237,23
185,262,20
152,294,38
160,259,8
150,203,3
134,268,25
110,275,35
196,262,17
130,273,15
101,47,33
124,217,27
165,229,17
180,286,2
174,242,38
157,294,17
154,211,40
164,277,36
156,286,4
194,235,22
170,286,17
114,256,32
120,246,7
184,237,1
100,64,7
110,295,3
132,298,30
152,209,21
102,27,23
131,236,20
167,261,14
157,277,34
110,265,21
112,286,17
121,277,19
161,299,23
182,296,14
116,277,4
181,267,14
122,231,13
184,295,39
157,214,27
101,77,6
124,264,2
170,263,13
160,253,22
175,288,17
105,14,36
181,213,24
192,212,8
112,296,31
150,233,8
174,287,38
124,257,9
141,258,34
140,226,29
117,296,23
140,247,6
137,245,14
160,231,12
146,282,17
111,243,17
130,212,14
123,227,14
132,297,33
100,47,2
152,216,24
127,255,21
110,255,22
180,266,2
123,245,10
181,212,1
105,22,38
152,246,2
117,298,7
140,277,7
300,301,33
303,306,28
300,304,34
304,305,6
300,307,28
304,306,3
301,302,26
304,307,19
301,303,10
305,302,31
301,307,10
305,306,1
302,303,29
307,305,20
302,306,37
307,302,19
302,308,4
306,309,14
310,311,22
313,316,29
310,314,40
314,315,31
310,317,27
314,316,35
311,312,17
314,317,21
311,313,23
315,312,40
311,317,25
315,316,14
312,313,11
317,315,31
312,316,15
317,312,21
312,318,27
316,319,6
301,316,29
301,314,25
301,317,24
302,315,37
302,313,38
305,314,38
301,317,33
307,316,3
300,317,36
300,313,22
301,312,26
301,316,8
307,315,35
300,317,12
306,312,22
305,312,27
306,316,37
303,312,15
301,312,31
300,316,23
305,316,25
303,317,21
301,318,14
307,316,8
300,315,21
301,316,22
305,316,5
304,319,37
307,314,7
300,315,14
320,321,39
323,326,13
320,324,16
324,325,22
320,327,28
324,326,14
321,322,17
324,327,33
321,323,26
325,322,33
321,327,15
325,326,35
322,323,9
327,325,8
322,326,35
327,322,14
322,328,19
326,329,4
317,325,30
312,326,8
317,326,10
317,326,17
311,326,23
316,327,4
310,325,37
315,327,19
311,321,31
310,323,33
312,323,35
316,325,21
311,326,22
310,322,2
314,323,31
314,323,4
317,327,40
316,326,11
311,322,32
311,323,22
310,326,15
310,322,13
314,325,23
310,325,7
314,322,37
311,321,4
317,329,18
314,328,36
310,324,13
312,326,4
330,331,33
333,336,27
330,334,20
334,335,39
330,337,26
334,336,8
331,332,8
334,337,10
331,333,13
335,332,38
331,337,36
335,336,21
332,333,38
337,335,28
332,336,40
337,332,25
332,338,2
336,339,4
324,337,36
320,337,13
322,333,35
320,336,24
323,331,36
322,337,38
324,333,24
327,338,28
324,338,30
320,332,2
327,338,14
323,337,4
324,334,4
326,337,33
327,335,27
320,338,12
323,336,32
327,336,40
321,336,35
320,337,34
321,338,38
320,335,16
322,333,3
321,331,28
323,339,15
325,334,14
320,337,8
327,331,33
321,332,25
322,338,4
340,341,15
343,346,17
340,344,12
344,345,10
340,347,35
344,346,21
341,342,13
344,347,10
341,343,38
345,342,2
341,347,12
345,346,27
342,343,28
347,345,8
342,346,17
347,342,11
342,348,20
346,349,8
331,347,37
332,343,12
331,343,18
331,347,9
330,346,1
337,347,27
332,346,37
336,346,22
335,346,20
330,342,16
332,346,40
331,347,28
330,346,5
332,341,24
335,345,14
335,345,25
333,345,5
337,349,34
335,342,4
332,345,12
334,345,23
332,342,1
337,342,31
332,346,8
336,349,14
335,346,28
335,346,9
334,345,29
335,345,3
335,347,15
350,351,7
353,356,24
350,354,12
354,355,11
350,357,18
354,356,25
351,352,34
354,357,24
351,353,25
355,352,11
351,357,16
355,356,13
352,353,34
357,355,29
352,356,39
357,352,37
352,358,36
356,359,11
347,355,8
345,354,18
342,355,28
342,352,3
343,356,35
347,353,14
343,356,6
341,357,24
346,355,15
343,359,5
344,353,11
342,357,14
342,353,22
347,357,28
340,352,19
344,352,25
340,352,17
342,357,20
341,358,28
347,353,12
341,352,25
345,355,37
340,359,25
342,352,30
345,355,11
341,357,9
347,351,3
346,355,34
340,355,17
345,356,20
360,361,30
363,366,31
360,364,30
364,365,37
360,367,16
364,366,27
361,362,21
364,367,34
361,363,19
365,362,3
361,367,17
365,366,24
362,363,38
367,365,26
362,366,32
367,362,26
362,368,8
366,369,2
355,362,22
354,367,28
350,365,11
352,363,12
351,365,19
357,361,27
354,361,18
350,366,1
354,366,34
356,365,16
352,367,38
352,366,10
350,364,22
351,365,29
357,365,16
355,366,25
352,362,31
357,367,15
357,362,5
356,366,22
355,363,5
350,364,1
357,367,10
350,367,33
350,361,4
350,362,26
357,362,6
351,361,37
351,367,2
351,367,24
370,371,12
373,376,14
370,374,17
374,375,19
370,377,18
374,376,30
371,372,1
374,377,26
371,373,29
375,372,11
371,377,23
375,376,12
372,373,23
377,375,25
372,376,9
377,372,19
372,378,29
376,379,10
365,376,28
367,379,2
360,375,6
362,377,22
364,375,33
365,378,17
360,377,7
363,373,38
364,375,5
360,374,8
367,372,5
360,377,25
361,379,4
361,375,12
362,373,1
361,377,27
367,373,10
365,372,2
360,372,20
362,377,23
361,376,34
365,377,40
367,376,30
361,372,20
362,376,37
364,373,29
361,375,20
367,373,21
360,372,23
362,378,21
380,381,4
383,386,14
380,384,33
384,385,1
380,387,10
384,386,7
381,382,18
384,387,11
381,383,36
385,382,5
381,387,35
385,386,10
382,383,33
387,385,12
382,386,36
387,382,36
382,388,25
386,389,6
375,384,18
371,386,37
376,387,33
373,386,14
372,387,3
375,386,3
371,383,6
377,387,29
375,386,39
374,385,11
374,386,18
371,386,35
370,388,17
374,382,16
370,381,40
371,384,1
370,382,2
371,387,7
375,382,7
374,386,1
370,385,15
372,388,4
376,385,30
377,381,4
372,387,6
375,385,10
371,386,17
372,388,3
374,388,11
372,383,28
390,391,35
393,396,23
390,394,30
394,395,7
390,397,35
394,396,36
391,392,17
394,397,35
391,393,35
395,392,15
391,397,25
395,396,31
392,393,39
397,395,14
392,396,34
397,392,21
392,398,24
396,399,40
387,396,38
384,398,16
380,398,38
387,397,5
386,398,23
387,395,1
385,396,13
384,397,30
387,393,1
387,396,14
381,392,20
385,396,5
385,399,25
381,393,13
380,397,20
381,399,18
381,392,35
381,395,33
381,396,29
385,396,37
385,394,3
380,396,33
382,393,17
380,394,39
381,396,8
384,392,5
381,396,16
383,396,6
381,397,12
382,396,34
276,329,35
220,395,24
210,342,4
201,15,36
211,333,5
223,316,36
220,359,39
233,322,22
262,326,36
235,346,9
256,386,26
276,346,20
283,394,25
265,396,27
200,55,2
214,334,22
276,367,3
246,303,9
223,357,28
256,379,21
266,383,33
282,311,13
201,56,26
222,335,13
242,355,36
247,335,37
281,361,3
217,342,13
223,324,36
242,332,17
235,361,24
261,324,24
206,36,2
211,386,16
251,352,16
221,353,12
246,388,35
251,342,2
260,366,40
264,386,27
260,335,6
235,326,30
250,377,22
235,356,32
272,316,40
224,329,27
210,336,37
221,367,23
235,364,31
293,312,38
286,387,30
242,345,14
273,356,32
283,351,13
211,384,9
245,338,7
220,316,39
275,365,19
245,376,27
206,303,327
214,388,8
281,392,33
222,362,27
277,363,34
211,373,2
223,342,28
232,305,19
267,354,39
250,392,22
216,374,33
255,335,12
217,325,26
254,382,38
260,324,18
272,306,37
204,27,11
247,303,13
257,357,31
240,394,20
243,346,20
225,358,27
261,372,8
274,366,24
254,378,16
242,333,29
234,343,15
256,355,21
260,352,18
217,347,38
201,67,28
207,301,312
261,326,25
245,341,8
211,356,18
245,379,20
232,386,33
274,376,19
202,37,6
200,63,31
241,392,3
271,382,22
212,357,31
262,366,5
217,362,20
262,331,23
247,313,23
294,387,24
221,396,1
221,307,34
262,354,11
256,347,9
272,382,5
243,399,30
240,311,19
230,352,14
212,336,32
265,315,17
295,387,2
250,315,21
223,336,11
273,343,27
200,57,7
224,382,29
260,386,35
215,325,19
217,367,11
280,361,11
265,386,4
200,15,21
211,355,7
214,396,5
242,376,11
274,376,25
234,317,24
261,333,27
201,55,14
215,317,37
207,61,33
273,366,39
222,361,35
221,357,27
223,363,29
270,337,8
284,355,26
223,373,17
235,352,36
200,17,8
251,376,36
226,384,27
202,52,33
231,349,38
274,367,11
212,352,36
210,366,22
252,397,31
224,394,7
201,97,7
264,396,39
212,331,2
233,377,36
210,346,19
282,359,4
211,392,36
222,325,25
264,323,6
201,27,40
232,357,19
280,312,32
255,385,4
217,352,8
244,331,29
260,366,19
221,343,19
232,317,16
224,342,19
284,386,16
281,387,22
220,377,8
235,312,20
250,374,6
243,336,6
250,346,1
290,397,28
237,322,40
282,397,16
257,394,8
210,326,40
280,326,8
221,322,23
220,326,9
215,338,29
226,332,15
201,75,5
221,316,34
214,326,35
292,365,38
267,364,33
282,381,24
222,375,5
262,354,26
237,387,5
217,323,18
261,321,24
210,396,40
235,357,2
267,303,6
272,387,28
257,307,30
235,338,22
257,317,4
290,303,22
255,337,3
204,78,29
260,396,32
280,337,25
262,357,33
220,337,22
200,55,4
254,365,7
262,314,16
235,362,11
247,388,11
214,338,26
254,339,16
261,398,16
286,399,40
291,361,2
231,356,4
247,326,38
204,38,5
283,398,18
271,345,9
246,332,21
256,337,20
231,373,36
254,367,34
201,55,30
212,372,7
262,396,38
261,316,12
242,367,7
257,396,5
291,356,21
245,355,1
204,66,6
272,336,13
247,316,13
231,396,28
201,57,20
244,332,10
250,326,16
272,396,34
230,392,8
201,97,12
232,397,20
246,347,9
214,375,1
287,364,22
257,372,31
205,32,8
214,387,11
252,306,10
276,307,27
261,346,9
262,346,34
235,387,30
260,363,24
280,312,11
286,323,8
231,398,20
272,355,7
232,359,2
257,316,24
287,337,35
200,84,39
201,29,30
274,366,10
212,361,30
246,336,23
272,345,5
242,355,16
201,27,12
223,313,16
222,347,23
220,335,36
275,393,20
231,388,9
206,302,328
281,303,9
271,362,1
211,343,21
220,362,40
287,365,9
205,45,1
217,346,38
271,322,37
250,322,30
216,317,30
260,352,20
246,378,11
400,401,31
403,406,33
400,404,35
404,405,21
400,407,35
404,406,7
401,402,14
404,407,28
401,403,15
405,402,10
401,407,30
405,406,1
402,403,38
407,405,19
402,406,30
407,402,39
402,408,33
406,409,11
410,411,35
413,416,8
410,414,20
414,415,38
410,417,8
414,416,23
411,412,36
414,417,21
411,413,26
415,412,35
411,417,24
415,416,31
412,413,24
417,415,15
412,416,3
417,412,33
412,418,16
416,419,38
401,416,39
401,414,17
401,417,28
402,415,32
402,413,30
405,414,37
401,417,17
407,416,4
400,417,8
400,413,19
401,412,39
401,416,36
407,415,3
400,417,23
406,412,4
405,412,7
406,416,15
403,412,21
401,412,38
400,416,21
405,416,24
403,417,20
401,418,38
407,416,38
400,415,25
401,416,40
405,416,26
404,419,7
407,414,29
400,415,33
420,421,20
423,426,21
420,424,40
424,425,16
420,427,18
424,426,19
421,422,32
424,427,26
421,423,17
425,422,22
421,427,22
425,426,11
422,423,2
427,425,12
422,426,3
427,422,36
422,428,27
426,429,23
417,425,8
412,426,25
417,426,30
417,426,38
411,426,37
416,427,8
410,425,16
415,427,7
411,421,29
410,423,37
412,423,23
416,425,27
411,426,15
410,422,22
414,423,22
414,423,33
417,427,30
416,426,37
411,422,39
411,423,35
410,426,14
410,422,31
414,425,21
410,425,27
414,422,11
411,421,8
417,429,24
414,428,5
410,424,15
412,426,19
430,431,17
433,436,31
430,434,14
434,435,1
430,437,10
434,436,32
431,432,37
434,437,24
431,433,3
435,432,18
431,437,26
435,436,26
432,433,28
437,435,28
432,436,12
437,432,12
432,438,1
436,439,28
424,437,17
420,437,8
422,433,27
420,436,10
423,431,37
422,437,21
424,433,33
427,438,14
424,438,26
420,432,1
427,438,28
423,437,1
424,434,17
426,437,25
427,435,34
420,438,16
423,436,26
427,436,10
421,436,22
420,437,13
421,438,10
420,435,37
422,433,1
421,431,28
423,439,9
425,434,22
420,437,8
427,431,20
421,432,32
422,438,14
440,441,7
443,446,38
440,444,14
444,445,25
440,447,39
444,446,27
441,442,12
444,447,6
441,443,21
445,442,20
441,447,26
445,446,10
442,443,6
447,445,26
442,446,30
447,442,10
442,448,30
446,449,3
431,447,2
432,443,21
431,443,13
431,447,17
430,446,17
437,447,33
432,446,8
436,446,19
435,446,24
430,442,22
432,446,39
431,447,34
430,446,35
432,441,15
435,445,23
435,445,26
433,445,35
437,449,20
435,442,23
432,445,13
434,445,31
432,442,32
437,442,12
432,446,26
436,449,14
435,446,39
435,446,27
434,445,14
435,445,26
435,447,20
450,451,9
453,456,16
450,454,27
454,455,6
450,457,14
454,456,27
451,452,21
454,457,1
451,453,26
455,452,29
451,457,28
455,456,5
452,453,17
457,455,33
452,456,6
457,452,17
452,458,32
456,459,27
447,455,40
445,454,21
442,455,23
442,452,13
443,456,19
447,453,34
443,456,4
441,457,1
446,455,23
443,459,8
444,453,33
442,457,31
442,453,29
447,457,40
440,452,15
444,452,8
440,452,20
442,457,15
441,458,26
447,453,17
441,452,6
445,455,38
440,459,31
442,452,5
445,455,3
441,457,21
447,451,9
446,455,38
440,455,32
445,456,23
460,461,36
463,466,9
460,464,6
464,465,14
460,467,6
464,466,19
461,462,7
464,467,15
461,463,33
465,462,39
461,467,16
465,466,6
462,463,33
467,465,18
462,466,6
467,462,12
462,468,30
466,469,29
455,462,27
454,467,24
450,465,19
452,463,9
451,465,1
457,461,39
454,461,17
450,466,5
454,466,39
456,465,14
452,467,23
452,466,4
450,464,4
451,465,32
457,465,21
455,466,30
452,462,8
457,467,20
457,462,25
456,466,12
455,463,25
450,464,25
457,467,5
450,467,28
450,461,36
450,462,14
457,462,13
451,461,38
451,467,2
451,467,31
470,471,18
473,476,25
470,474,14
474,475,39
470,477,4
474,476,8
471,472,15
474,477,27
471,473,22
475,472,40
471,477,20
475,476,7
472,473,16
477,475,40
472,476,38
477,472,10
472,478,13
476,479,18
465,476,21
467,479,40
460,475,24
462,477,11
464,475,22
465,478,13
460,477,2
463,473,7
464,475,1
460,474,23
467,472,6
460,477,23
461,479,25
461,475,40
462,473,29
461,477,11
467,473,40
465,472,29
460,472,10
462,477,14
461,476,19
465,477,13
467,476,39
461,472,15
462,476,36
464,473,20
461,475,13
467,473,2
460,472,35
462,478,15
480,481,24
483,486,27
480,484,29
484,485,14
480,487,37
484,486,22
481,482,4
484,487,5
481,483,10
485,482,23
481,487,8
485,486,34
482,483,28
487,485,40
482,486,28
487,482,29
482,488,35
486,489,29
475,484,20
471,486,18
476,487,24
473,486,16
472,487,3
475,486,18
471,483,24
477,487,11
475,486,14
474,485,8
474,486,31
471,486,38
470,488,8
474,482,37
470,481,21
471,484,26
470,482,5
471,487,30
475,482,9
474,486,9
470,485,40
472,488,21
476,485,37
477,481,15
472,487,33
475,485,11
471,486,14
472,488,3
474,488,36
472,483,2
490,491,16
493,496,35
490,494,15
494,495,4
490,497,27
494,496,16
491,492,40
494,497,2
491,493,39
495,492,13
491,497,31
495,496,33
492,493,28
497,495,8
492,496,18
497,492,12
492,498,1
496,499,4
487,496,20
484,498,37
480,498,31
487,497,38
486,498,27
487,495,9
485,496,19
484,497,21
487,493,27
487,496,2
481,492,39
485,496,7
485,499,8
481,493,38
480,497,31
481,499,12
481,492,4
481,495,15
481,496,31
485,496,8
485,494,28
480,496,24
482,493,38
480,494,38
481,496,34
484,492,1
481,496,20
483,496,36
481,497,2
482,496,14
380,442,27
306,85,20
341,407,31
305,28,31
324,441,30
382,474,25
315,492,38
370,499,35
375,439,14
386,416,12
311,466,39
345,427,16
311,466,24
393,416,35
340,481,35
374,465,18
392,445,10
374,492,18
365,419,37
360,417,21
357,494,14
385,476,39
367,446,5
366,487,12
312,405,21
364,475,18
335,482,12
380,498,10
371,485,37
361,498,36
387,466,20
342,406,25
345,497,29
360,422,34
331,473,39
301,78,36
367,482,20
372,475,20
341,456,7
382,467,7
370,426,20
362,415,32
352,437,37
376,483,33
362,496,35
380,402,21
331,493,36
373,431,14
310,403,18
331,463,19
363,476,23
370,498,37
365,486,33
310,482,16
351,426,9
332,417,2
317,422,11
302,47,25
321,437,15
325,426,5
367,475,1
381,417,34
327,426,19
315,472,21
305,94,5
360,437,37
346,497,10
323,493,20
330,498,38
320,488,22
331,441,11
335,473,35
374,407,27
306,93,24
327,445,34
311,489,9
344,445,9
341,452,10
317,415,24
364,486,8
380,486,1
356,456,22
352,419,27
374,485,11
332,472,24
331,416,3
343,407,6
324,473,15
337,446,15
311,483,31
375,445,26
361,477,9
301,407,428
370,438,25
384,427,38
380,487,18
361,457,9
372,493,6
354,436,37
370,403,31
312,423,19
335,475,12
382,434,24
363,445,38
394,472,18
374,485,15
312,433,14
335,489,22
353,457,14
345,462,39
321,424,20
383,451,6
337,423,33
311,477,19
382,412,11
335,417,11
334,426,3
395,466,20
360,449,12
340,481,26
364,422,10
354,476,28
374,446,28
300,78,15
380,416,30
326,446,4
320,426,40
387,488,5
330,457,24
362,459,15
345,427,18
350,434,4
332,444,5
317,487,17
342,454,27
320,438,12
300,85,31
374,435,40
322,447,28
332,423,7
303,406,413
322,411,14
304,46,17
327,496,14
383,437,34
346,486,24
324,453,27
352,438,8
332,461,37
370,456,36
344,493,15
312,447,13
332,477,11
377,453,25
380,422,6
371,415,6
317,407,11
335,409,10
374,457,25
335,427,34
304,85,25
310,462,20
370,446,1
372,437,23
362,447,9
327,445,1
345,445,7
361,467,1
391,434,28
302,43,36
382,468,36
361,461,1
371,485,27
370,461,13
300,13,1
387,447,10
372,446,23
371,436,28
357,413,40
331,416,10
373,421,24
350,433,2
370,462,23
332,437,3
332,446,24
344,477,23
365,454,36
311,494,29
324,472,40
373,441,5
305,22,35
352,467,13
306,19,33
351,426,30
361,437,19
341,471,30
321,467,40
331,496,7
326,437,3
367,442,34
335,473,6
335,463,39
370,414,21
385,487,12
347,472,18
345,427,38
326,437,6
361,486,34
305,99,22
345,408,27
320,496,33
393,422,37
367,435,1
310,455,12
310,425,6
334,487,39
317,469,19
301,61,20
324,481,21
372,477,10
390,417,3
323,475,1
347,486,12
323,475,26
387,419,3
327,427,12
344,496,14
307,64,30
394,447,28
361,476,33
345,472,12
340,466,32
307,59,18
360,477,1
336,451,8
306,43,40
321,436,13
391,496,18
325,426,6
334,422,27
353,466,17
361,494,32
345,412,28
323,435,23
326,453,8
327,498,27
327,486,3
354,468,37
357,437,7
330,467,21
384,483,14
330,473,29
324,453,5
333,444,5
375,497,32
327,472,36
321,426,31
361,446,25
305,12,15
301,42,5
330,452,6
330,447,34
335,467,18
304,74,7
385,485,30
380,476,3
311,475,12
396,433,39
333,496,11
317,436,22
380,446,27
344,441,17
301,88,6
385,452,26
322,496,14
334,422,36
303,37,17
327,477,26
350,461,23
314,487,2
337,472,26
321,482,39
365,497,28
357,498,12
377,416,16
322,433,1
372,488,20
381,465,30
353,442,10
302,76,28
373,457,33
357,424,37
384,422,35
343,429,25
317,426,21
350,458,7
332,442,20
300,45,38
305,408,49
346,453,20
500,501,17
503,506,21
500,504,11
504,505,28
500,507,38
504,506,16
501,502,2
504,507,26
501,503,23
505,502,25
501,507,36
505,506,21
502,503,8
507,505,17
502,506,16
507,502,11
502,508,24
506,509,28
510,511,20
513,516,37
510,514,36
514,515,35
510,517,17
514,516,30
511,512,28
514,517,14
511,513,26
515,512,1
511,517,22
515,516,20
512,513,30
517,515,39
512,516,18
517,512,31
512,518,29
516,519,37
501,516,40
501,514,38
501,517,20
502,515,12
502,513,16
505,514,35
501,517,24
507,516,6
500,517,3
500,513,15
501,512,15
501,516,15
507,515,17
500,517,11
506,512,28
505,512,24
506,516,38
503,512,39
501,512,9
500,516,10
505,516,14
503,517,30
501,518,37
507,516,14
500,515,38
501,516,23
505,516,1
504,519,37
507,514,38
500,515,23
520,521,40
523,526,25
520,524,10
524,525,4
520,527,10
524,526,30
521,522,11
524,527,17
521,523,35
525,522,36
521,527,11
525,526,2
522,523,16
527,525,31
522,526,13
527,522,27
522,528,20
526,529,25
517,525,26
512,526,28
517,526,30
517,526,20
511,526,35
516,527,16
510,525,26
515,527,34
511,521,38
510,523,27
512,523,14
516,525,12
511,526,14
510,522,24
514,523,9
514,523,8
517,527,8
516,526,32
511,522,27
511,523,29
510,526,22
510,522,11
514,525,18
510,525,21
514,522,21
511,521,37
517,529,7
514,528,18
510,524,31
512,526,6
530,531,25
533,536,14
530,534,19
534,535,40
530,537,12
534,536,13
531,532,26
534,537,19
531,533,23
535,532,29
531,537,7
535,536,38
532,533,23
537,535,8
532,536,25
537,532,38
532,538,25
536,539,17
524,537,19
520,537,18
522,533,4
520,536,37
523,531,8
522,537,34
524,533,1
527,538,24
524,538,29
520,532,18
527,538,30
523,537,39
524,534,18
526,537,33
527,535,36
520,538,29
523,536,39
527,536,34
521,536,39
520,537,18
521,538,13
520,535,7
522,533,39
521,531,12
523,539,8
525,534,26
520,537,31
527,531,15
521,532,17
522,538,35
540,541,10
543,546,38
540,544,23
544,545,20
540,547,3
544,546,18
541,542,7
544,547,9
541,543,21
545,542,31
541,547,6
545,546,30
542,543,40
547,545,2
542,546,29
547,542,27
542,548,4
546,549,31
531,547,7
532,543,11
531,543,22
531,547,21
530,546,20
537,547,28
532,546,23
536,546,5
535,546,36
530,542,5
532,546,9
531,547,30
530,546,37
532,541,32
535,545,27
535,545,28
533,545,31
537,549,6
535,542,25
532,545,5
534,545,18
532,542,18
537,542,36
532,546,32
536,549,7
535,546,12
535,546,31
534,545,29
535,545,18
535,547,17
550,551,33
553,556,39
550,554,32
554,555,36
550,557,38
554,556,14
551,552,20
554,557,40
551,553,24
555,552,36
551,557,32
555,556,1
552,553,27
557,555,8
552,556,27
557,552,19
552,558,3
556,559,39
547,555,19
545,554,31
542,555,33
542,552,26
543,556,12
547,553,15
543,556,12
541,557,6
546,555,30
543,559,11
544,553,1
542,557,1
542,553,19
547,557,31
540,552,16
544,552,26
540,552,11
542,557,3
541,558,33
547,553,16
541,552,27
545,555,15
540,559,36
542,552,11
545,555,1
541,557,3
547,551,29
546,555,32
540,555,30
545,556,1
560,561,8
563,566,22
560,564,10
564,565,1
560,567,20
564,566,9
561,562,32
564,567,9
561,563,17
565,562,10
561,567,20
565,566,8
562,563,14
567,565,7
562,566,2
567,562,16
562,568,11
566,569,1
555,562,11
554,567,27
550,565,13
552,563,24
551,565,22
557,561,36
554,561,9
550,566,24
554,566,21
556,565,1
552,567,25
552,566,9
550,564,17
551,565,1
557,565,6
555,566,24
552,562,21
557,567,32
557,562,14
556,566,32
555,563,23
550,564,33
557,567,23
550,567,4
550,561,38
550,562,7
557,562,26
551,561,14
551,567,23
551,567,2
570,571,2
573,576,4
570,574,8
574,575,9
570,577,26
574,576,31
571,572,25
574,577,36
571,573,7
575,572,36
571,577,36
575,576,12
572,573,35
577,575,27
572,576,32
577,572,19
572,578,4
576,579,37
565,576,36
567,579,40
560,575,23
562,577,25
564,575,22
565,578,26
560,577,6
563,573,11
564,575,19
560,574,26
567,572,1
560,577,30
561,579,33
561,575,31
562,573,11
561,577,38
567,573,40
565,572,38
560,572,21
562,577,8
561,576,24
565,577,26
567,576,21
561,572,4
562,576,27
564,573,30
561,575,7
567,573,35
560,572,25
562,578,19
580,581,3
583,586,20
580,584,10
584,585,33
580,587,15
584,586,34
581,582,30
584,587,20
581,583,23
585,582,32
581,587,11
585,586,23
582,583,1
587,585,20
582,586,35
587,582,7
582,588,34
586,589,6
575,584,24
571,586,14
576,587,28
573,586,25
572,587,2
575,586,21
571,583,26
577,587,30
575,586,25
574,585,13
574,586,15
571,586,26
570,588,36
574,582,38
570,581,8
571,584,30
570,582,7
571,587,32
575,582,36
574,586,33
570,585,6
572,588,31
576,585,6
577,581,5
572,587,32
575,585,17
571,586,32
572,588,12
574,588,7
572,583,12
590,591,14
593,596,37
590,594,28
594,595,11
590,597,25
594,596,3
591,592,25
594,597,8
591,593,38
595,592,13
591,597,18
595,596,22
592,593,30
597,595,38
592,596,10
597,592,21
592,598,22
596,599,13
587,596,31
584,598,15
580,598,32
587,597,1
586,598,40
587,595,6
585,596,28
584,597,20
587,593,24
587,596,15
581,592,33
585,596,29
585,599,10
581,593,19
580,597,39
581,599,4
581,592,33
581,595,21
581,596,36
585,596,30
585,594,29
580,596,15
582,593,40
580,594,40
581,596,6
584,592,8
581,596,6
583,596,18
581,597,10
582,596,37
401,72,3
435,586,24
480,546,12
447,589,40
462,533,17
456,557,3
432,531,13
470,592,18
486,558,5
464,523,7
481,597,1
442,586,13
442,515,28
472,516,7
451,536,17
447,521,2
470,588,11
430,516,17
424,566,5
442,512,23
471,572,31
451,502,34
441,557,11
403,63,6
460,584,11
450,524,21
487,597,14
445,507,35
464,546,1
480,567,39
463,576,21
474,593,32
491,594,20
477,526,38
447,577,39
465,586,36
441,522,36
474,593,13
465,555,11
460,575,25
405,41,26
401,76,39
472,586,35
484,512,3
402,49,38
477,585,27
420,517,24
443,597,25
463,525,39
435,565,2
425,576,11
407,86,11
484,515,37
411,562,36
490,545,13
421,584,19
455,516,28
410,597,3
457,542,34
444,529,28
441,532,36
482,512,25
482,545,38
400,95,4
442,537,13
457,535,19
477,512,26
432,553,16
486,526,1
441,549,22
415,568,32
440,556,15
474,572,6
435,592,2
414,588,17
442,594,27
435,573,9
452,537,1
422,567,18
427,555,37
405,86,38
447,516,29
411,525,11
440,549,32
484,547,27
410,543,38
405,17,40
422,582,7
484,536,37
471,556,11
465,555,6
432,586,5
435,542,17
410,566,21
430,555,20
404,88,25
457,566,32
464,517,12
430,557,16
424,583,31
401,55,12
467,527,27
487,573,6
401,42,27
472,516,14
410,553,3
442,579,8
451,565,18
485,538,37
400,42,32
484,583,19
465,557,9
461,587,31
457,595,28
412,565,21
464,526,23
424,516,9
411,539,34
464,592,7
423,546,6
410,589,40
481,576,2
427,526,29
412,585,29
422,516,2
422,573,40
470,525,10
454,592,35
456,549,20
450,526,14
423,545,37
455,553,3
402,16,7
441,537,10
432,567,5
400,509,510
451,594,20
452,586,23
467,595,35
442,567,14
445,596,17
485,597,32
490,555,15
404,503,538
444,561,23
494,519,9
434,514,5
422,564,5
465,577,8
451,538,18
474,521,17
447,552,13
411,553,35
400,45,3
405,37,6
457,576,25
461,573,27
416,512,6
486,505,38
424,556,32
477,537,17
435,577,21
484,514,3
471,526,16
433,592,25
472,581,32
411,503,28
471,597,36
481,552,19
481,526,38
477,532,22
410,505,30
416,549,26
452,585,14
447,587,2
410,586,24
441,596,6
487,527,17
420,596,27
450,583,12
420,512,2
460,534,39
424,591,40
423,596,2
481,526,10
414,515,29
442,545,13
432,513,7
414,525,1
475,552,2
401,46,30
445,576,31
470,515,34
420,572,1
422,599,37
401,13,32
461,562,4
400,45,34
403,82,25
441,597,36
425,594,8
480,553,19
416,501,37
445,589,8
494,586,3
401,42,19
467,517,9
404,47,24
462,536,36
405,42,17
414,537,33
467,586,21
454,532,2
442,596,20
417,577,34
490,588,19
431,516,37
484,512,12
495,555,29
487,536,35
457,524,12
440,562,26
464,526,28
475,567,32
427,597,11
454,528,34
474,516,38
414,592,39
405,86,39
462,579,26
444,524,5
430,529,7
462,518,10
454,556,5
414,577,2
467,549,9
441,541,3
422,555,22
430,567,12
416,521,40
434,526,9
444,522,13
471,576,6
485,507,8
435,573,37
491,577,20
484,517,9
450,595,12
411,556,40
405,26,29
455,522,33
437,557,25
470,506,13
484,541,35
496,562,11
410,538,12
411,587,36
401,93,29
432,537,32
432,585,11
475,553,13
434,537,7
467,527,17
460,596,19
472,557,28
442,576,19
452,547,28
401,57,23
474,576,23
432,567,25
464,526,15
407,46,23
435,578,3
452,513,23
422,546,7
492,538,25
483,566,18
491,586,4
490,541,40
470,555,3
477,581,27
465,515,12
447,586,11
404,72,6
472,531,24
465,536,30
464,583,38
435,537,5
406,22,17
431,535,32
400,62,23
441,546,12
407,92,40
421,567,2
416,502,20
484,577,33
412,512,8
451,565,20
400,39,38
462,526,36
600,601,37
603,606,38
600,604,32
604,605,32
600,607,37
604,606,31
601,602,22
604,607,21
601,603,28
605,602,21
601,607,5
605,606,39
602,603,27
607,605,30
602,606,20
607,602,18
602,608,37
606,609,30
610,611,37
613,616,26
610,614,40
614,615,4
610,617,28
614,616,27
611,612,2
614,617,29
611,613,25
615,612,4
611,617,24
615,616,11
612,613,21
617,615,4
612,616,18
617,612,24
612,618,37
616,619,13
601,616,6
601,614,29
601,617,10
602,615,1
602,613,24
605,614,19
601,617,35
607,616,29
600,617,12
600,613,4
601,612,8
601,616,36
607,615,26
600,617,31
606,612,26
605,612,3
606,616,37
603,612,8
601,612,10
600,616,26
605,616,11
603,617,19
601,618,1
607,616,33
600,615,5
601,616,37
605,616,37
604,619,21
607,614,16
600,615,30
620,621,24
623,626,5
620,624,24
624,625,3
620,627,17
624,626,31
621,622,15
624,627,29
621,623,24
625,622,31
621,627,29
625,626,10
622,623,31
627,625,5
622,626,2
627,622,21
622,628,12
626,629,18
617,625,9
612,626,13
617,626,26
617,626,13
611,626,13
616,627,37
610,625,3
615,627,14
611,621,19
610,623,30
612,623,9
616,625,4
611,626,22
610,622,39
614,623,40
614,623,7
617,627,32
616,626,10
611,622,24
611,623,33
610,626,32
610,622,2
614,625,15
610,625,39
614,622,17
611,621,11
617,629,39
614,628,8
610,624,29
612,626,33
630,631,31
633,636,6
630,634,4
634,635,5
630,637,9
634,636,34
631,632,36
634,637,16
631,633,23
635,632,35
631,637,38
635,636,38
632,633,33
637,635,30
632,636,30
637,632,10
632,638,37
636,639,6
624,637,20
620,637,25
622,633,6
620,636,30
623,631,20
622,637,15
624,633,17
627,638,6
624,638,31
620,632,9
627,638,36
623,637,13
624,634,1
626,637,38
627,635,33
620,638,12
623,636,6
627,636,27
621,636,18
620,637,20
621,638,8
620,635,28
622,633,17
621,631,9
623,639,9
625,634,15
620,637,4
627,631,31
621,632,31
622,638,18
640,641,23
643,646,36
640,644,40
644,645,39
640,647,26
644,646,26
641,642,18
644,647,2
641,643,23
645,642,14
641,647,32
645,646,16
642,643,40
647,645,11
642,646,4
647,642,11
642,648,1
646,649,33
631,647,8
632,643,12
631,643,14
631,647,18
630,646,11
637,647,36
632,646,11
636,646,40
635,646,38
630,642,10
632,646,28
631,647,5
630,646,19
632,641,35
635,645,28
635,645,5
633,645,2
637,649,18
635,642,33
632,645,39
634,645,25
632,642,33
637,642,37
632,646,36
636,649,38
635,646,9
635,646,23
634,645,1
635,645,12
635,647,28
650,651,28
653,656,2
650,654,4
654,655,32
650,657,36
654,656,38
651,652,9
654,657,25
651,653,23
655,652,21
651,657,29
655,656,29
652,653,39
657,655,23
652,656,12
657,652,14
652,658,2
656,659,5
647,655,6
645,654,16
642,655,14
642,652,16
643,656,4
647,653,5
643,656,5
641,657,23
646,655,11
643,659,25
644,653,25
642,657,25
642,653,16
647,657,30
640,652,18
644,652,18
640,652,12
642,657,11
641,658,38
647,653,34
641,652,3
645,655,27
640,659,21
642,652,23
645,655,27
641,657,16
647,651,10
646,655,22
640,655,40
645,656,5
660,661,35
663,666,20
660,664,28
664,665,11
660,667,40
664,666,33
661,662,21
664,667,22
661,663,1
665,662,7
661,667,28
665,666,10
662,663,9
667,665,25
662,666,15
667,662,38
662,668,27
666,669,20
655,662,8
654,667,20
650,665,20
652,663,21
651,665,29
657,661,11
654,661,31
650,666,33
654,666,38
656,665,20
652,667,7
652,666,12
650,664,23
651,665,31
657,665,40
655,666,18
652,662,40
657,667,27
657,662,15
656,666,31
655,663,17
650,664,26
657,667,30
650,667,29
650,661,19
650,662,23
657,662,33
651,661,35
651,667,36
651,667,5
670,671,19
673,676,5
670,674,23
674,675,28
670,677,34
674,676,30
671,672,2
674,677,16
671,673,6
675,672,1
671,677,18
675,676,22
672,673,40
677,675,21
672,676,32
677,672,14
672,678,4
676,679,33
665,676,22
667,679,9
660,675,28
662,677,37
664,675,35
665,678,38
660,677,21
663,673,14
664,675,7
660,674,34
667,672,35
660,677,18
661,679,22
661,675,17
662,673,35
661,677,22
667,673,28
665,672,22
660,672,27
662,677,27
661,676,2
665,677,16
667,676,2
661,672,37
662,676,9
664,673,33
661,675,4
667,673,35
660,672,16
662,678,20
680,681,10
683,686,34
680,684,27
684,685,34
680,687,12
684,686,2
681,682,31
684,687,29
681,683,25
685,682,5
681,687,25
685,686,3
682,683,22
687,685,10
682,686,3
687,682,7
682,688,15
686,689,8
675,684,12
671,686,5
676,687,21
673,686,22
672,687,31
675,686,13
671,683,38
677,687,25
675,686,4
674,685,2
674,686,12
671,686,9
670,688,40
674,682,26
670,681,5
671,684,38
670,682,15
671,687,5
675,682,2
674,686,34
670,685,38
672,688,35
676,685,18
677,681,28
672,687,39
675,685,1
671,686,32
672,688,13
674,688,15
672,683,11
690,691,1
693,696,10
690,694,6
694,695,11
690,697,19
694,696,37
691,692,14
694,697,39
691,693,32
695,692,38
691,697,28
695,696,12
692,693,16
697,695,13
692,696,15
697,692,3
692,698,39
696,699,19
687,696,36
684,698,24
680,698,33
687,697,20
686,698,23
687,695,31
685,696,5
684,697,19
687,693,18
687,696,32
681,692,26
685,696,25
685,699,23
681,693,40
680,697,32
681,699,20
681,692,36
681,695,37
681,696,29
685,696,3
685,694,3
680,696,9
682,693,25
680,694,9
681,696,14
684,692,29
681,696,18
683,696,1
681,697,20
682,696,20
531,636,11
560,679,18
510,657,8
580,646,6
594,623,13
584,653,39
546,623,24
522,688,37
560,697,22
522,626,19
516,642,26
555,673,11
504,42,31
551,614,17
502,59,38
532,662,32
505,16,39
591,666,9
535,615,40
535,636,23
504,72,28
501,36,5
556,618,24
552,698,10
587,661,39
511,666,11
555,661,10
561,632,24
552,656,22
532,629,20
560,616,25
505,36,34
532,666,4
577,641,13
555,608,38
587,656,40
536,645,29
534,697,12
503,56,34
562,669,4
562,633,40
590,636,20
510,657,27
562,657,35
500,49,32
587,616,18
542,676,7
510,609,9
532,622,31
514,613,23
571,657,38
500,97,18
535,686,8
561,623,2
560,634,13
532,686,6
520,667,35
546,616,25
575,633,3
524,613,19
572,617,31
550,623,30
581,657,11
560,676,9
564,686,14
531,647,37
584,679,15
575,686,12
515,624,10
532,605,7
561,696,18
562,647,2
510,667,28
523,665,10
520,646,3
577,616,7
574,699,20
581,613,31
535,686,17
545,677,40
522,686,33
571,625,33
584,629,31
572,696,15
570,655,18
543,695,25
502,28,3
570,666,17
587,676,26
591,626,1
530,652,12
560,616,12
595,638,22
506,93,31
515,625,31
524,656,6
576,676,1
576,643,18
565,686,28
507,82,8
534,675,34
516,623,39
532,676,23
547,657,2
550,693,1
581,642,33
565,694,37
585,696,38
570,665,26
523,686,3
572,677,37
501,96,12
561,656,29
542,612,10
551,627,30
562,623,17
553,616,24
584,672,7
510,646,11
531,664,28
520,678,38
537,625,10
531,637,31
585,616,37
557,616,31
545,602,30
546,636,17
562,613,23
554,618,2
517,692,5
524,663,23
551,627,14
554,686,27
521,627,13
571,677,31
571,693,40
560,655,14
550,611,29
511,652,10
510,662,18
595,634,38
507,13,9
552,601,39
547,653,30
500,93,1
511,653,24
585,695,14
510,696,6
575,697,33
571,632,36
560,658,8
512,636,31
561,638,36
503,605,628
572,616,7
525,676,18
512,618,22
584,679,21
581,667,8
521,675,17
584,677,10
501,65,35
551,622,17
507,56,34
522,633,12
501,93,32
546,692,36
533,687,38
525,625,6
576,664,33
581,643,5
504,95,6
563,619,38
531,662,13
585,612,13
502,61,7
535,646,34
567,655,31
545,692,17
540,627,8
582,699,38
510,617,23
551,617,29
531,656,27
511,646,6
543,653,15
593,661,14
565,661,32
561,671,36
571,665,22
580,676,11
564,626,25
524,646,32
594,646,11
511,658,8
554,692,23
552,688,18
537,643,40
534,626,3
560,696,32
542,679,7
540,637,27
565,623,33
557,645,39
545,633,27
530,613,39
584,693,10
536,677,2
525,677,25
571,634,26
587,607,40
555,623,11
505,39,3
520,656,22
511,652,5
577,657,22
573,616,33
577,643,20
575,646,39
517,628,36
504,73,30
562,655,14
501,15,17
580,647,8
533,686,2
502,88,23
500,604,627
501,26,18
567,613,2
520,678,28
572,676,23
580,612,23
541,696,25
532,661,36
584,646,14
514,612,26
520,684,33
545,677,14
527,696,33
522,626,24
555,612,21
541,612,8
557,636,38
570,692,26
557,623,5
527,627,9
575,633,25
542,685,31
556,652,13
527,642,39
521,616,14
501,78,30
581,696,27
547,666,6
585,668,36
592,635,3
593,616,37
571,612,6
545,636,37
507,46,27
541,646,32
554,685,19
511,653,22
572,632,15
522,655,26
591,697,20
581,681,17
501,46,28
582,636,6
527,643,36
530,622,28
511,662,38
534,665,14
505,26,20
510,632,5
590,646,23
571,699,9
551,655,2
544,626,3
551,685,22
560,605,36
582,627,16
502,94,15
521,624,8
560,655,27
574,659,28
526,607,23
537,667,12
573,685,6
592,605,35
501,46,40
541,617,29
541,653,7
537,686,6
571,683,21
557,682,16
587,672,24
535,638,6
525,626,34
572,696,18
700,701,36
703,706,27
700,704,5
704,705,4
700,707,12
704,706,38
701,702,7
704,707,37
701,703,9
705,702,25
701,707,10
705,706,37
702,703,24
707,705,9
702,706,37
707,702,20
702,708,3
706,709,38
710,711,27
713,716,9
710,714,16
714,715,2
710,717,34
714,716,33
711,712,6
714,717,19
711,713,5
715,712,17
711,717,20
715,716,33
712,713,7
717,715,37
712,716,31
717,712,38
712,718,1
716,719,26
701,716,23
701,714,17
701,717,26
702,715,25
702,713,4
705,714,17
701,717,21
707,716,28
700,717,38
700,713,22
701,712,19
701,716,36
707,715,36
700,717,11
706,712,8
705,712,38
706,716,1
703,712,25
701,712,22
700,716,8
705,716,13
703,717,31
701,718,5
707,716,7
700,715,15
701,716,29
705,716,11
704,719,4
707,714,12
700,715,28
720,721,5
723,726,5
720,724,4
724,725,7
720,727,11
724,726,31
721,722,1
724,727,31
721,723,19
725,722,28
721,727,8
725,726,31
722,723,21
727,725,39
722,726,31
727,722,35
722,728,24
726,729,24
717,725,26
712,726,16
717,726,19
717,726,31
711,726,24
716,727,9
710,725,11
715,727,21
711,721,12
710,723,33
712,723,16
716,725,4
711,726,10
710,722,19
714,723,34
714,723,18
717,727,32
716,726,1
711,722,18
711,723,22
710,726,30
710,722,21
714,725,18
710,725,22
714,722,40
711,721,31
717,729,12
714,728,39
710,724,12
712,726,19
730,731,1
733,736,14
730,734,30
734,735,15
730,737,30
734,736,20
731,732,5
734,737,28
731,733,36
735,732,38
731,737,18
735,736,1
732,733,38
737,735,3
732,736,13
737,732,18
732,738,24
736,739,36
724,737,15
720,737,15
722,733,39
720,736,39
723,731,21
722,737,12
724,733,22
727,738,28
724,738,18
720,732,21
727,738,36
723,737,20
724,734,14
726,737,10
727,735,28
720,738,8
723,736,22
727,736,28
721,736,29
720,737,1
721,738,23
720,735,26
722,733,13
721,731,24
723,739,26
725,734,9
720,737,33
727,731,20
721,732,22
722,738,1
740,741,14
743,746,7
740,744,29
744,745,36
740,747,8
744,746,28
741,742,37
744,747,10
741,743,10
745,742,26
741,747,14
745,746,39
742,743,29
747,745,40
742,746,7
747,742,12
742,748,8
746,749,15
731,747,15
732,743,1
731,743,3
731,747,2
730,746,30
737,747,26
732,746,33
736,746,30
735,746,31
730,742,22
732,746,28
731,747,40
730,746,38
732,741,15
735,745,32
735,745,1
733,745,24
737,749,12
735,742,26
732,745,35
734,745,2
732,742,33
737,742,10
732,746,40
736,749,38
735,746,13
735,746,27
734,745,32
735,745,38
735,747,8
750,751,25
753,756,13
750,754,38
754,755,2
750,757,27
754,756,34
751,752,36
754,757,35
751,753,16
755,752,11
751,757,10
755,756,40
752,753,15
757,755,2
752,756,23
757,752,31
752,758,18
756,759,1
747,755,10
745,754,38
742,755,3
742,752,21
743,756,20
747,753,13
743,756,8
741,757,19
746,755,14
743,759,27
744,753,32
742,757,27
742,753,35
747,757,17
740,752,4
744,752,32
740,752,35
742,757,3
741,758,31
747,753,26
741,752,40
745,755,30
740,759,11
742,752,5
745,755,29
741,757,14
747,751,39
746,755,15
740,755,7
745,756,22
760,761,33
763,766,36
760,764,24
764,765,33
760,767,31
764,766,12
761,762,3
764,767,29
761,763,2
765,762,17
761,767,38
765,766,22
762,763,21
767,765,16
762,766,5
767,762,1
762,768,39
766,769,10
755,762,9
754,767,2
750,765,2
752,763,3
751,765,13
757,761,38
754,761,26
750,766,3
754,766,37
756,765,27
752,767,13
752,766,13
750,764,3
751,765,34
757,765,37
755,766,9
752,762,6
757,767,5
757,762,33
756,766,22
755,763,32
750,764,3
757,767,15
750,767,14
750,761,40
750,762,18
757,762,28
751,761,10
751,767,32
751,767,4
770,771,33
773,776,1
770,774,5
774,775,39
770,777,34
774,776,9
771,772,19
774,777,34
771,773,10
775,772,38
771,777,17
775,776,17
772,773,14
777,775,35
772,776,1
777,772,29
772,778,1
776,779,29
765,776,29
767,779,35
760,775,12
762,777,10
764,775,25
765,778,18
760,777,26
763,773,21
764,775,40
760,774,28
767,772,3
760,777,4
761,779,13
761,775,38
762,773,38
761,777,10
767,773,25
765,772,26
760,772,36
762,777,29
761,776,8
765,777,12
767,776,13
761,772,2
762,776,21
764,773,34
761,775,25
767,773,38
760,772,11
762,778,2
780,781,13
783,786,3
780,784,40
784,785,18
780,787,1
784,786,25
781,782,8
784,787,15
781,783,28
785,782,25
781,787,40
785,786,37
782,783,26
787,785,30
782,786,40
787,782,24
782,788,33
786,789,40
775,784,25
771,786,16
776,787,10
773,786,15
772,787,5
775,786,27
771,783,12
777,787,26
775,786,10
774,785,3
774,786,39
771,786,27
770,788,1
774,782,18
770,781,34
771,784,8
770,782,8
771,787,39
775,782,3
774,786,5
770,785,11
772,788,10
776,785,18
777,781,20
772,787,9
775,785,31
771,786,21
772,788,38
774,788,32
772,783,5
790,791,20
793,796,24
790,794,20
794,795,21
790,797,22
794,796,7
791,792,21
794,797,30
791,793,37
795,792,19
791,797,36
795,796,18
792,793,3
797,795,8
792,796,14
797,792,30
792,798,37
796,799,20
787,796,21
784,798,3
780,798,2
787,797,6
786,798,19
787,795,22
785,796,32
784,797,16
787,793,22
787,796,25
781,792,28
785,796,14
785,799,20
781,793,34
780,797,26
781,799,10
781,792,8
781,795,6
781,796,18
785,796,21
785,794,15
780,796,3
782,793,11
780,794,27
781,796,40
784,792,1
781,796,11
783,796,25
781,797,22
782,796,31
671,714,35
621,722,31
682,733,3
603,73,39
612,725,35
612,786,1
636,723,7
601,84,22
654,754,35
614,799,31
633,798,39
641,746,31
614,773,9
686,735,21
654,715,4
635,753,34
630,766,15
656,704,3
671,753,24
630,773,18
650,797,26
670,735,5
645,755,16
667,787,32
611,709,11
644,785,32
640,797,31
681,752,31
634,722,22
611,745,20
680,722,2
652,798,3
682,736,1
660,754,28
605,45,24
617,746,13
685,783,28
622,746,16
667,707,18
674,772,5
625,796,33
634,796,15
655,777,27
607,41,40
666,735,34
601,98,7
667,716,33
675,712,40
680,799,35
640,759,34
651,721,13
651,773,34
685,736,28
620,776,24
675,752,12
681,726,1
643,706,34
676,709,9
635,776,3
601,67,10
621,716,17
635,728,30
687,796,11
675,722,22
691,764,2
624,737,16
627,786,37
645,796,13
680,704,29
610,746,1
644,767,10
630,717,25
673,756,29
655,702,7
650,772,39
685,794,32
622,726,32
634,745,23
611,782,35
610,714,4
670,796,1
665,739,14
621,792,28
632,777,10
674,746,37
616,726,32
607,61,10
661,765,36
657,796,30
612,762,26
607,63,25
612,716,35
605,56,27
671,757,2
642,747,23
655,786,29
672,717,34
635,726,5
695,731,38
680,734,21
610,742,4
604,96,37
640,772,38
657,738,4
672,758,8
631,786,1
637,756,33
654,745,23
665,745,2
661,706,6
610,706,33
642,766,28
675,742,3
682,792,33
673,778,20
621,718,37
607,66,21
620,749,8
600,36,30
685,757,1
663,732,33
610,797,5
684,753,26
676,716,17
652,746,31
682,712,35
667,761,40
647,749,25
646,745,3
606,76,35
606,16,33
613,783,9
602,35,28
600,47,32
637,786,35
627,751,26
665,716,5
611,787,23
655,723,24
614,716,9
646,735,33
684,737,39
654,752,16
671,762,19
652,761,15
660,796,40
685,766,14
657,794,22
624,708,39
627,737,12
674,746,39
605,17,5
642,721,7
645,706,6
653,705,35
644,755,32
615,737,19
684,773,26
642,742,21
672,759,30
635,726,8
690,707,20
607,93,39
607,46,4
624,731,39
630,752,5
671,738,2
662,772,32
675,749,5
643,774,25
631,766,22
647,753,20
686,796,32
667,755,33
617,732,19
616,743,38
651,742,29
650,725,36
612,725,21
672,749,3
687,726,3
600,16,35
657,787,22
630,737,16
663,716,6
646,702,25
621,796,18
611,713,31
673,732,16
676,762,27
682,734,19
670,747,31
602,36,16
620,773,35
600,45,4
602,705,725
667,787,36
635,799,21
672,789,35
680,731,4
650,716,31
642,778,4
634,722,8
685,736,34
636,798,19
644,788,31
670,761,28
635,776,37
661,721,20
680,701,28
645,777,34
671,747,30
670,773,8
675,712,36
671,757,7
652,712,27
615,775,34
614,792,35
671,731,15
624,785,11
644,759,12
661,725,7
687,747,36
697,717,33
607,87,9
685,716,30
664,798,36
681,797,30
627,796,15
672,756,35
614,796,6
682,782,30
611,781,20
670,745,19
643,717,29
637,775,31
660,726,25
601,97,32
674,702,31
645,777,11
681,707,10
622,737,5
646,752,3
664,715,37
616,787,40
660,726,9
661,796,14
670,755,31
645,766,7
660,732,13
612,756,17
675,717,30
674,764,8
673,737,40
660,792,13
687,706,25
634,748,10
601,44,34
635,741,11
603,86,1
650,734,5
686,703,12
620,717,30
685,746,14
632,793,25
612,726,13
607,52,22
622,767,8
640,757,20
660,746,9
654,738,36
681,746,4
644,792,38
654,757,40
632,716,40
626,713,31
610,786,4
657,746,15
652,723,26
621,775,11
687,746,6
617,727,38
631,738,36
611,746,5
614,767,5
606,23,11
630,714,4
630,736,18
660,722,13
656,773,8
620,757,30
652,726,9
652,729,32
641,799,19
621,723,20
694,747,14
644,722,20
610,751,29
687,776,5
601,84,32
800,801,8
803,806,5
800,804,37
804,805,4
800,807,26
804,806,7
801,802,11
804,807,16
801,803,4
805,802,33
801,807,2
805,806,5
802,803,31
807,805,30
802,806,32
807,802,37
802,808,31
806,809,22
810,811,5
813,816,12
810,814,3
814,815,33
810,817,1
814,816,31
811,812,23
814,817,26
811,813,13
815,812,14
811,817,34
815,816,2
812,813,32
817,815,34
812,816,13
817,812,20
812,818,32
816,819,9
801,816,22
801,814,25
801,817,19
802,815,26
802,813,15
805,814,39
801,817,13
807,816,16
800,817,22
800,813,37
801,812,5
801,816,9
807,815,1
800,817,39
806,812,25
805,812,28
806,816,23
803,812,16
801,812,14
800,816,4
805,816,20
803,817,9
801,818,11
807,816,2
800,815,16
801,816,18
805,816,15
804,819,10
807,814,32
800,815,23
820,821,21
823,826,24
820,824,31
824,825,11
820,827,40
824,826,27
821,822,29
824,827,27
821,823,34
825,822,16
821,827,14
825,826,38
822,823,17
827,825,15
822,826,6
827,822,23
822,828,4
826,829,11
817,825,37
812,826,14
817,826,29
817,826,15
811,826,26
816,827,19
810,825,23
815,827,13
811,821,21
810,823,13
812,823,6
816,825,8
811,826,2
810,822,25
814,823,21
814,823,32
817,827,26
816,826,3
811,822,14
811,823,36
810,826,30
810,822,2
814,825,40
810,825,33
814,822,25
811,821,20
817,829,3
814,828,10
810,824,22
812,826,23
830,831,15
833,836,31
830,834,7
834,835,27
830,837,37
834,836,23
831,832,15
834,837,31
831,833,36
835,832,8
831,837,1
835,836,31
832,833,29
837,835,10
832,836,7
837,832,23
832,838,36
836,839,20
824,837,20
820,837,25
822,833,24
820,836,25
823,831,17
822,837,34
824,833,23
827,838,15
824,838,21
820,832,9
827,838,36
823,837,22
824,834,4
826,837,9
827,835,36
820,838,29
823,836,22
827,836,36
821,836,23
820,837,35
821,838,32
820,835,15
822,833,21
821,831,22
823,839,12
825,834,20
820,837,24
827,831,32
821,832,23
822,838,22
840,841,4
843,846,13
840,844,27
844,845,10
840,847,2
844,846,20
841,842,20
844,847,17
841,843,12
845,842,38
841,847,19
845,846,24
842,843,26
847,845,9
842,846,18
847,842,4
842,848,12
846,849,20
831,847,1
832,843,34
831,843,36
831,847,21
830,846,5
837,847,10
832,846,19
836,846,36
835,846,30
830,842,31
832,846,38
831,847,40
830,846,17
832,841,3
835,845,18
835,845,8
833,845,1
837,849,28
835,842,18
832,845,23
834,845,14
832,842,23
837,842,10
832,846,37
836,849,14
835,846,15
835,846,25
834,845,30
835,845,27
835,847,22
850,851,21
853,856,18
850,854,9
854,855,5
850,857,18
854,856,8
851,852,36
854,857,9
851,853,6
855,852,10
851,857,32
855,856,16
852,853,5
857,855,30
852,856,9
857,852,27
852,858,26
856,859,28
847,855,40
845,854,34
842,855,19
842,852,1
843,856,6
847,853,39
843,856,31
841,857,33
846,855,38
843,859,7
844,853,5
842,857,35
842,853,5
847,857,34
840,852,25
844,852,13
840,852,35
842,857,30
841,858,19
847,853,31
841,852,30
845,855,36
840,859,3
842,852,29
845,855,32
841,857,5
847,851,34
846,855,34
840,855,7
845,856,17
860,861,16
863,866,3
860,864,39
864,865,35
860,867,3
864,866,31
861,862,32
864,867,15
861,863,12
865,862,12
861,867,23
865,866,6
862,863,7
867,865,20
862,866,32
867,862,5
862,868,24
866,869,1
855,862,6
854,867,18
850,865,30
852,863,35
851,865,24
857,861,14
854,861,19
850,866,33
854,866,31
856,865,32
852,867,32
852,866,17
850,864,6
851,865,31
857,865,23
855,866,5
852,862,19
857,867,34
857,862,7
856,866,2
855,863,6
850,864,22
857,867,32
850,867,31
850,861,40
850,862,20
857,862,30
851,861,32
851,867,34
851,867,2
870,871,19
873,876,37
870,874,24
874,875,38
870,877,38
874,876,22
871,872,7
874,877,15
871,873,23
875,872,24
871,877,12
875,876,34
872,873,20
877,875,21
872,876,21
877,872,6
872,878,9
876,879,10
865,876,12
867,879,19
860,875,2
862,877,33
864,875,19
865,878,10
860,877,29
863,873,10
864,875,7
860,874,35
867,872,32
860,877,37
861,879,38
861,875,1
862,873,4
861,877,1
867,873,28
865,872,30
860,872,17
862,877,3
861,876,18
865,877,31
867,876,21
861,872,27
862,876,2
864,873,32
861,875,40
867,873,31
860,872,32
862,878,18
880,881,33
883,886,29
880,884,15
884,885,10
880,887,12
884,886,26
881,882,23
884,887,17
881,883,15
885,882,30
881,887,11
885,886,13
882,883,35
887,885,28
882,886,1
887,882,39
882,888,6
886,889,20
875,884,2
871,886,23
876,887,1
873,886,2
872,887,33
875,886,23
871,883,13
877,887,40
875,886,7
874,885,25
874,886,5
871,886,32
870,888,25
874,882,4
870,881,40
871,884,16
870,882,17
871,887,35
875,882,6
874,886,8
870,885,36
872,888,22
876,885,5
877,881,39
872,887,14
875,885,26
871,886,11
872,888,35
874,888,37
872,883,8
890,891,14
893,896,34
890,894,3
894,895,40
890,897,9
894,896,17
891,892,2
894,897,9
891,893,35
895,892,7
891,897,38
895,896,20
892,893,25
897,895,24
892,896,31
897,892,25
892,898,32
896,899,11
887,896,39
884,898,6
880,898,6
887,897,5
886,898,37
887,895,40
885,896,10
884,897,31
887,893,5
887,896,15
881,892,10
885,896,30
885,899,36
881,893,26
880,897,20
881,899,1
881,892,12
881,895,22
881,896,16
885,896,28
885,894,8
880,896,23
882,893,12
880,894,36
881,896,8
884,892,25
881,896,14
883,896,24
881,897,11
882,896,17
712,814,28
785,818,1
794,847,28
761,873,33
794,886,35
755,826,12
786,872,11
780,814,15
763,831,36
735,876,4
702,73,22
734,816,7
712,865,6
795,824,18
720,842,26
781,888,35
734,827,29
784,865,2
770,862,21
741,856,8
741,838,6
710,831,5
700,37,3
733,866,23
726,857,33
771,885,9
752,892,13
715,879,6
710,877,16
731,872,29
774,846,18
710,843,21
771,888,32
717,864,28
772,833,20
732,899,15
710,885,6
714,886,37
717,857,1
756,852,2
781,893,33
745,852,24
705,37,40
732,896,15
711,816,18
700,38,33
714,862,34
722,818,24
715,823,19
750,857,15
707,37,28
735,856,28
752,822,29
714,832,21
717,813,3
716,812,13
767,867,39
735,865,6
786,887,34
712,847,2
774,859,5
735,806,25
721,861,22
751,806,6
772,817,17
786,846,8
743,839,35
714,857,10
757,826,2
764,877,25
731,864,14
706,33,23
762,883,35
745,817,9
745,838,35
735,852,10
751,883,29
705,14,29
752,814,4
716,852,7
716,853,21
742,836,39
760,892,38
702,38,21
785,859,16
780,852,10
796,851,26
742,817,7
784,864,11
730,846,24
761,886,31
741,846,9
725,846,26
780,847,31
711,886,3
740,879,16
744,896,23
735,815,30
782,831,12
782,846,36
750,821,13
781,872,29
706,85,37
710,865,5
756,826,36
724,843,15
757,878,17
755,832,34
762,876,31
732,866,32
735,846,23
742,862,37
703,85,26
723,821,39
771,893,4
796,832,33
776,885,18
705,26,26
775,838,5
771,872,35
737,816,14
790,845,5
711,837,18
780,818,39
751,838,13
705,21,27
701,37,33
752,833,12
780,817,14
764,823,24
700,61,4
703,52,22
710,862,8
762,826,5
720,894,33
751,825,16
760,867,9
722,896,7
751,838,27
706,77,36
754,852,11
707,76,4
754,836,39
743,861,24
724,862,34
734,875,19
773,882,30
755,861,38
717,883,40
761,812,14
707,73,29
767,849,24
775,847,15
736,867,12
707,87,8
782,815,4
723,881,24
764,862,36
714,849,10
760,821,13
791,867,33
777,807,31
772,886,15
722,814,7
750,896,4
710,806,3
704,15,32
795,828,7
721,896,26
715,813,31
704,54,13
746,845,17
731,895,17
727,872,25
732,826,9
762,863,27
781,816,33
701,52,21
734,877,31
765,839,29
710,867,17
785,826,36
732,855,6
792,835,24
774,826,9
737,886,27
774,806,1
730,894,12
770,886,20
757,827,25
717,889,33
751,872,27
746,806,9
752,825,31
710,872,18
740,862,3
750,827,35
775,887,1
760,886,31
754,876,39
727,896,9
781,896,32
747,863,28
750,836,2
790,865,6
775,814,27
714,826,30
786,806,3
700,83,10
770,857,14
720,852,15
781,837,3
774,898,3
737,867,30
711,865,39
786,812,35
790,815,19
741,886,38
727,895,7
706,74,31
735,873,16
726,847,11
717,855,1
740,812,8
736,856,22
724,893,3
737,886,19
797,865,11
701,25,19
761,857,30
757,814,1
780,885,27
704,98,34
701,17,2
701,13,11
782,853,37
755,897,21
740,832,17
711,893,37
770,887,1
767,896,9
780,816,26
774,874,33
732,833,12
734,872,9
740,888,36
716,825,6
767,887,35
777,852,5
782,863,26
763,866,4
700,83,15
722,816,30
735,867,6
755,862,28
711,805,9
732,816,16
736,822,31
741,857,9
703,11,17
701,802,85
716,861,26
701,76,12
785,887,8
775,812,16
751,812,5
786,817,33
752,849,21
724,855,13
700,19,17
750,825,17
730,877,27
767,822,30
754,815,39
781,861,15
732,856,14
780,838,37
731,856,8
720,855,28
722,851,34
730,888,39
714,897,17
751,813,24
701,99,31
712,816,1
716,889,14
715,806,28
722,816,7
724,846,23
711,853,33
754,883,17
744,895,40
795,823,39
782,896,17
721,862,5
716,856,40
781,824,30
746,887,3
782,845,16
745,888,15
900,901,2
903,906,24
900,904,3
904,905,19
900,907,8
904,906,40
901,902,15
904,907,3
901,903,17
905,902,6
901,907,32
905,906,37
902,903,22
907,905,2
902,906,16
907,902,40
902,908,1
906,909,37
910,911,12
913,916,12
910,914,32
914,915,17
910,917,21
914,916,20
911,912,35
914,917,28
911,913,10
915,912,31
911,917,27
915,916,4
912,913,34
917,915,10
912,916,15
917,912,32
912,918,4
916,919,16
901,916,14
901,914,14
901,917,23
902,915,5
902,913,6
905,914,24
901,917,27
907,916,10
900,917,7
900,913,26
901,912,14
901,916,23
907,915,14
900,917,16
906,912,3
905,912,21
906,916,17
903,912,38
901,912,21
900,916,22
905,916,33
903,917,35
901,918,11
907,916,27
900,915,26
901,916,14
905,916,35
904,919,36
907,914,39
900,915,8
920,921,29
923,926,2
920,924,3
924,925,2
920,927,32
924,926,19
921,922,30
924,927,5
921,923,3
925,922,12
921,927,24
925,926,30
922,923,14
927,925,33
922,926,7
927,922,2
922,928,34
926,929,6
917,925,28
912,926,13
917,926,26
917,926,21
911,926,14
916,927,38
910,925,29
915,927,1
911,921,31
910,923,22
912,923,19
916,925,6
911,926,10
910,922,1
914,923,16
914,923,6
917,927,25
916,926,18
911,922,2
911,923,10
910,926,10
910,922,28
914,925,14
910,925,28
914,922,9
911,921,8
917,929,13
914,928,26
910,924,22
912,926,33
930,931,13
933,936,19
930,934,1
934,935,21
930,937,27
934,936,9
931,932,39
934,937,30
931,933,24
935,932,24
931,937,38
935,936,10
932,933,5
937,935,24
932,936,18
937,932,28
932,938,28
936,939,5
924,937,15
920,937,24
922,933,5
920,936,40
923,931,36
922,937,38
924,933,21
927,938,14
924,938,29
920,932,36
927,938,26
923,937,9
924,934,26
926,937,8
927,935,17
920,938,3
923,936,1
927,936,9
921,936,28
920,937,25
921,938,33
920,935,24
922,933,9
921,931,8
923,939,3
925,934,23
920,937,12
927,931,35
921,932,26
922,938,2
940,941,20
943,946,8
940,944,10
944,945,3
940,947,29
944,946,18
941,942,29
944,947,39
941,943,8
945,942,20
941,947,2
945,946,7
942,943,18
947,945,32
942,946,28
947,942,26
942,948,31
946,949,28
931,947,28
932,943,9
931,943,29
931,947,38
930,946,27
937,947,40
932,946,9
936,946,8
935,946,6
930,942,39
932,946,6
931,947,10
930,946,15
932,941,23
935,945,20
935,945,29
933,945,26
937,949,37
935,942,1
932,945,30
934,945,4
932,942,35
937,942,15
932,946,12
936,949,2
935,946,16
935,946,13
934,945,28
935,945,29
935,947,38
950,951,33
953,956,22
950,954,33
954,955,40
950,957,22
954,956,20
951,952,35
954,957,2
951,953,16
955,952,21
951,957,38
955,956,2
952,953,40
957,955,22
952,956,20
957,952,16
952,958,34
956,959,38
947,955,2
945,954,37
942,955,8
942,952,40
943,956,11
947,953,9
943,956,26
941,957,13
946,955,32
943,959,5
944,953,7
942,957,2
942,953,4
947,957,13
940,952,15
944,952,11
940,952,29
942,957,40
941,958,5
947,953,27
941,952,12
945,955,39
940,959,13
942,952,10
945,955,8
941,957,3
947,951,15
946,955,36
940,955,28
945,956,39
960,961,34
963,966,9
960,964,15
964,965,18
960,967,12
964,966,16
961,962,28
964,967,35
961,963,2
965,962,35
961,967,29
965,966,14
962,963,20
967,965,9
962,966,39
967,962,17
962,968,14
966,969,15
955,962,15
954,967,2
950,965,11
952,963,12
951,965,8
957,961,6
954,961,34
950,966,32
954,966,15
956,965,34
952,967,30
952,966,25
950,964,9
951,965,17
957,965,26
955,966,12
952,962,25
957,967,14
957,962,2
956,966,14
955,963,10
950,964,8
957,967,8
950,967,16
950,961,19
950,962,33
957,962,16
951,961,1
951,967,6
951,967,12
970,971,36
973,976,15
970,974,3
974,975,21
970,977,24
974,976,15
971,972,25
974,977,18
971,973,38
975,972,23
971,977,36
975,976,33
972,973,27
977,975,40
972,976,22
977,972,3
972,978,9
976,979,18
965,976,22
967,979,23
960,975,29
962,977,17
964,975,9
965,978,4
960,977,16
963,973,21
964,975,36
960,974,22
967,972,15
960,977,11
961,979,13
961,975,23
962,973,6
961,977,1
967,973,31
965,972,2
960,972,36
962,977,35
961,976,38
965,977,8
967,976,36
961,972,38
962,976,5
964,973,7
961,975,16
967,973,12
960,972,39
962,978,20
980,981,17
983,986,34
980,984,34
984,985,38
980,987,37
984,986,32
981,982,18
984,987,24
981,983,27
985,982,40
981,987,31
985,986,38
982,983,2
987,985,21
982,986,9
987,982,22
982,988,36
986,989,28
975,984,8
971,986,6
976,987,35
973,986,2
972,987,18
975,986,31
971,983,22
977,987,13
975,986,26
974,985,6
974,986,1
971,986,6
970,988,21
974,982,13
970,981,1
971,984,24
970,982,19
971,987,40
975,982,15
974,986,32
970,985,37
972,988,4
976,985,23
977,981,39
972,987,34
975,985,27
971,986,31
972,988,29
974,988,6
972,983,24
990,991,29
993,996,23
990,994,23
994,995,19
990,997,18
994,996,24
991,992,16
994,997,40
991,993,28
995,992,8
991,997,10
995,996,18
992,993,39
997,995,29
992,996,24
997,992,23
992,998,21
996,999,31
987,996,26
984,998,30
980,998,18
987,997,22
986,998,12
987,995,11
985,996,40
984,997,4
987,993,15
987,996,25
981,992,7
985,996,26
985,999,38
981,993,28
980,997,35
981,999,12
981,992,37
981,995,40
981,996,38
985,996,32
985,994,16
980,996,32
982,993,20
980,994,31
981,996,9
984,992,5
981,996,19
983,996,26
981,997,8
982,996,35
810,922,25
832,955,22
887,938,25
853,946,18
823,955,24
877,952,12
805,29,15
863,955,35
865,996,8
805,31,25
881,996,31
814,975,10
824,925,15
855,927,5
877,996,1
800,45,32
812,934,28
832,943,30
845,988,26
867,996,27
834,945,40
827,997,3
812,926,14
864,962,29
842,934,16
875,926,8
846,926,36
831,945,11
885,986,29
827,921,2
842,926,14
873,937,26
832,901,37
811,953,30
840,992,32
855,961,10
862,952,19
875,963,21
827,992,25
880,964,35
857,945,12
824,912,33
884,976,33
873,963,34
885,945,19
801,64,19
861,995,26
891,916,4
855,989,1
870,945,19
826,916,10
812,947,37
804,57,3
805,93,5
814,955,37
841,979,28
814,945,3
842,936,11
852,965,12
824,943,23
832,987,30
814,964,39
853,982,34
844,967,5
821,956,6
810,967,36
836,946,17
856,942,10
881,972,4
840,942,15
802,49,14
884,955,17
855,963,7
847,996,29
883,952,32
846,932,37
842,925,11
855,976,36
881,909,11
810,942,6
814,946,3
895,943,27
835,914,22
850,949,25
801,23,34
881,921,13
841,966,5
862,996,33
860,977,34
843,942,27
822,926,3
830,962,17
802,86,11
824,946,9
851,921,11
885,979,25
881,965,19
835,972,6
870,926,18
860,957,6
820,933,7
852,932,32
814,948,21
857,993,22
820,935,6
816,967,33
800,65,13
805,55,8
810,945,28
862,991,17
827,925,28
852,926,13
875,927,22
845,952,10
885,967,13
865,941,33
881,946,17
874,966,6
872,912,30
832,955,2
800,16,28
872,913,35
816,946,21
830,993,6
862,917,8
871,988,37
820,985,36
827,957,31
881,987,14
852,936,32
884,988,39
814,987,31
827,985,16
810,974,16
820,946,37
816,941,39
805,34,30
841,917,2
832,957,15
834,978,37
864,973,29
851,949,35
823,957,31
860,945,2
855,926,27
800,25,25
881,966,1
801,92,5
802,906,917
811,942,5
847,929,21
835,926,31
884,979,23
854,943,23
854,976,40
875,981,31
824,966,5
881,961,28
871,957,20
894,966,21
850,966,16
801,81,14
890,922,17
882,976,13
854,996,18
864,945,11
822,938,39
857,924,40
823,996,33
822,976,13
870,987,20
831,922,34
831,913,27
814,964,33
882,978,34
865,955,34
834,956,39
857,912,37
870,987,33
865,953,35
800,45,23
817,976,5
822,986,4
842,924,16
823,998,40
810,999,27
872,987,14
856,955,11
820,996,21
891,985,29
874,902,9
871,986,37
826,932,15
881,926,26
827,915,16
823,936,15
814,916,34
837,946,29
834,977,21
821,994,24
871,959,13
872,938,22
895,956,38
801,16,14
875,956,4
856,927,2
843,985,24
830,943,7
811,955,22
845,988,19
872,982,13
810,972,5
846,932,23
850,987,13
801,14,30
862,962,15
861,911,20
871,914,27
885,975,15
811,967,26
845,958,21
851,996,27
865,984,22
865,972,24
856,982,28
880,928,15
812,972,15
847,981,39
880,915,16
861,906,12
832,997,28
882,992,22
820,957,31
823,915,32
867,943,15
811,996,13
865,956,30
896,939,23
820,993,34
881,954,28
817,997,22
871,941,31
834,992,13
836,925,32
810,959,7
867,905,14
836,981,22
840,932,35
830,931,5
864,912,31
825,946,2
875,914,8
862,919,19
872,996,1
820,906,18
806,84,10
837,986,13
824,913,14
817,972,40
801,85,13
874,938,20
855,937,21
822,962,4
810,946,9
831,983,11
823,937,2
803,26,30
875,923,36
807,55,12
887,942,28
894,995,4
821,952,29
861,964,14
862,922,39
892,916,19
856,916,18
855,962,20
854,906,27
862,986,19
867,976,38
880,955,7
821,992,28
831,967,16
820,987,14
881,999,17
824,976,19
881,948,37
852,956,19
880,984,12
862,927,13
861,983,26
810,961,19
871,926,5
885,916,12
881,939,17
847,938,9
834,932,10
800,42,25
855,985,24
832,999,4
